1.745000000000000023e-03
2.370199999999999824e-03
3.146200000000000038e-03
4.071800000000000419e-03
5.173600000000000421e-03
7.957699999999999843e-03
1.163600000000000051e-02
1.635999999999999954e-02
2.227399999999999866e-02
2.949799999999999991e-02
3.817600000000000160e-02
4.850499999999999950e-02
6.064400000000000346e-02
7.460899999999999477e-02
9.073799999999999921e-02
1.093400000000000066e-01
1.302500000000000047e-01
1.533899999999999986e-01
1.797999999999999876e-01
2.088299999999999879e-01
2.414300000000000057e-01
2.765599999999999725e-01
2.997699999999999809e-01
3.153500000000000192e-01
3.309699999999999864e-01
3.497799999999999798e-01
3.739299999999999846e-01
4.118999999999999884e-01
4.558200000000000029e-01
5.032600000000000406e-01
5.355400000000000160e-01
5.633700000000000374e-01
5.791500000000000536e-01
5.858600000000000474e-01
5.804799999999999960e-01
5.858600000000000474e-01
5.981199999999999850e-01
6.134699999999999598e-01
6.291999999999999815e-01
6.453400000000000247e-01
6.573400000000000354e-01
6.573400000000000354e-01
6.528199999999999559e-01
6.438599999999999879e-01
6.291999999999999815e-01
6.050499999999999767e-01
5.751600000000000046e-01
5.429899999999999727e-01
5.185499999999999554e-01
4.929399999999999893e-01
4.707500000000000018e-01
4.485299999999999843e-01
4.303199999999999803e-01
4.147500000000000075e-01
3.988300000000000178e-01
3.826399999999999801e-01
3.704999999999999960e-01
3.595800000000000107e-01
3.489700000000000024e-01
3.386799999999999811e-01
3.219500000000000139e-01
2.876000000000000223e-01
2.392199999999999882e-01
1.869800000000000073e-01
1.488599999999999923e-01
1.332899999999999918e-01
1.421600000000000086e-01
1.678000000000000047e-01
1.926599999999999979e-01
2.166700000000000015e-01
2.408700000000000008e-01
2.641100000000000114e-01
2.772000000000000020e-01
2.772000000000000020e-01
2.580999999999999961e-01
2.337700000000000056e-01
2.021999999999999909e-01
1.670300000000000118e-01
1.351400000000000101e-01
1.039400000000000046e-01
7.240900000000000114e-02
3.997499999999999665e-02
3.997500000000000185e-03
2.003500000000000072e-03
1.182499999999999957e-03
8.390500000000000388e-04
5.995000000000000030e-05
1.249500000000000065e-06
3.622299999999999818e-07
1.849699999999999947e-07
1.100999999999999999e-07
6.710999999999999676e-08
3.844099999999999991e-08
1.998900000000000118e-08
1.269999999999999957e-08
1.158200000000000074e-08
1.101000000000000065e-08
1.070999999999999962e-08
1.048999999999999996e-08
9.903499999999999974e-09
9.306600000000000101e-09
8.605800000000000205e-09
7.994499999999999225e-09
7.443699999999999845e-09
6.851599999999999790e-09
6.292000000000000193e-09
5.791500000000000111e-09
5.404899999999999813e-09
4.795000000000000089e-09
4.403399999999999911e-09
4.147500000000000412e-09
3.826399999999999939e-09
3.546400000000000078e-09
3.324999999999999995e-09
3.189999999999999944e-09
3.081699999999999812e-09
2.983900000000000005e-09
2.882599999999999951e-09
2.765600000000000045e-09
2.653299999999999926e-09
2.528099999999999986e-09
2.419899999999999884e-09
2.316299999999999953e-09
2.217100000000000130e-09
2.117300000000000123e-09
2.031399999999999830e-09
1.939899999999999887e-09
1.839900000000000026e-09
1.761100000000000050e-09
1.662600000000000028e-09
1.580500000000000074e-09
1.488600000000000009e-09
1.421599999999999930e-09
1.339000000000000029e-09
1.258300000000000091e-09
1.168899999999999965e-09
1.088400000000000088e-09
1.018100000000000031e-09
9.392700000000000042e-10
8.685399999999999806e-10
8.087099999999999918e-10
7.794500000000000329e-10
7.599600000000000309e-10
7.495299999999999956e-10
7.291099999999999772e-10
7.011199999999999529e-10
7.092300000000000417e-10
7.158000000000000511e-10
7.341599999999999753e-10
7.848600000000000173e-10
9.242499999999999878e-10
1.078399999999999916e-09
1.267000000000000071e-09
1.461499999999999968e-09
1.569600000000000039e-09
1.639800000000000066e-09
1.757100000000000064e-09
1.887099999999999822e-09
2.097899999999999962e-09
2.268799999999999858e-09
2.442300000000000138e-09
2.659400000000000143e-09
2.869400000000000038e-09
3.131799999999999876e-09
3.433899999999999898e-09
3.844099999999999991e-09
4.433899999999999754e-09
5.221400000000000188e-09
6.364899999999999806e-09
7.723099999999999521e-09
9.633600000000000316e-09
1.131900000000000031e-08
1.238199999999999964e-08
1.329799999999999937e-08
1.398900000000000039e-08
1.471599999999999923e-08
1.502399999999999940e-08
1.551600000000000143e-08
1.569600000000000039e-08
1.606199999999999851e-08
1.674100000000000082e-08
1.777400000000000087e-08
1.939900000000000053e-08
2.031399999999999913e-08
2.097899999999999880e-08
2.176699999999999897e-08
2.300300000000000091e-08
2.470499999999999854e-08
2.653300000000000009e-08
2.963399999999999920e-08
3.347999999999999936e-08
4.100099999999999769e-08
4.997900000000000039e-08
5.995000000000000412e-08
7.291099999999999689e-08
9.136700000000000016e-08
1.150199999999999937e-07
1.348299999999999970e-07
1.458100000000000066e-07
1.530299999999999879e-07
1.558799999999999903e-07
1.580499999999999892e-07
1.580499999999999892e-07
1.569599999999999973e-07
1.526799999999999881e-07
1.478400000000000056e-07
1.408600000000000053e-07
1.339000000000000012e-07
1.281699999999999890e-07
1.258300000000000091e-07
1.249699999999999868e-07
1.270000000000000123e-07
1.329799999999999904e-07
1.448100000000000109e-07
1.621000000000000023e-07
1.818800000000000113e-07
2.040800000000000116e-07
2.242799999999999940e-07
2.459200000000000210e-07
2.690200000000000094e-07
2.929499999999999862e-07
3.153499999999999750e-07
3.348000000000000069e-07
3.546400000000000045e-07
3.747899999999999831e-07
3.906500000000000206e-07
4.053100000000000208e-07
4.234399999999999853e-07
4.403399999999999845e-07
4.621600000000000038e-07
4.861700000000000183e-07
5.149800000000000228e-07
5.698899999999999765e-07
6.695599999999999684e-07
8.304099999999999827e-07
1.059699999999999993e-06
1.368300000000000096e-06
1.770900000000000062e-06
2.169199999999999916e-06
2.557300000000000062e-06
2.932200000000000064e-06
3.189999999999999951e-06
3.358100000000000086e-06
3.464100000000000003e-06
3.501800000000000083e-06
3.480099999999999935e-06
3.418099999999999935e-06
3.336500000000000158e-06
3.253000000000000025e-06
3.131099999999999973e-06
2.999800000000000061e-06
2.687799999999999914e-06
2.352299999999999908e-06
2.000700000000000174e-06
1.689999999999999913e-06
1.419399999999999912e-06
1.298899999999999964e-06
1.258899999999999924e-06
1.328600000000000078e-06
1.498599999999999933e-06
1.708400000000000025e-06
2.038399999999999830e-06
2.628400000000000110e-06
3.868900000000000346e-06
5.951000000000000282e-06
9.306499999999999750e-06
1.068900000000000049e-05
1.119500000000000039e-05
1.160300000000000055e-05
1.181199999999999973e-05
1.199499999999999950e-05
1.190599999999999917e-05
1.179000000000000062e-05
1.160200000000000005e-05
1.138900000000000056e-05
1.100200000000000071e-05
1.079100000000000053e-05
1.090499999999999978e-05
1.139399999999999967e-05
1.221199999999999929e-05
1.400200000000000079e-05
1.639000000000000062e-05
1.911999999999999990e-05
2.250600000000000102e-05
2.848999999999999997e-05
4.046600000000000186e-05
4.504999999999999727e-05
5.803500000000000255e-05
7.801699999999999521e-05
1.060000000000000016e-04
1.530299999999999900e-04
2.539700000000000095e-04
3.197300000000000034e-04
3.538300000000000191e-04
3.628999999999999847e-04
3.637399999999999835e-04
3.603999999999999782e-04
3.386800000000000032e-04
3.018499999999999916e-04
2.659399999999999915e-04
2.247999999999999890e-04
1.957899999999999940e-04
1.741000000000000035e-04
1.602499999999999921e-04
1.441400000000000125e-04
1.348300000000000084e-04
1.239599999999999990e-04
1.140199999999999959e-04
1.070799999999999980e-04
9.940100000000000595e-05
9.347400000000000663e-05
8.804199999999999494e-05
8.309799999999999620e-05
8.096400000000000612e-05
7.902999999999999381e-05
7.590800000000000574e-05
7.397599999999999781e-05
7.404399999999999784e-05
7.495299999999999879e-05
7.601300000000000558e-05
7.742700000000000255e-05
8.049900000000000295e-05
8.409899999999999559e-05
8.899999999999999491e-05
9.510199999999999849e-05
9.999800000000000041e-05
1.051199999999999964e-04
1.120200000000000015e-04
1.218699999999999970e-04
1.330399999999999866e-04
1.359200000000000132e-04
1.371199999999999882e-04
1.379700000000000089e-04
1.418400000000000108e-04
1.551599999999999984e-04
1.861199999999999866e-04
3.204699999999999997e-04
5.209400000000000098e-04
7.224199999999999849e-04
9.221299999999999549e-04
1.160900000000000083e-03
1.678000000000000021e-03
1.827199999999999961e-03
1.922199999999999994e-03
1.908900000000000050e-03
1.848400000000000043e-03
1.717100000000000050e-03
1.548099999999999954e-03
1.402100000000000091e-03
1.249700000000000073e-03
1.100999999999999982e-03
9.903500000000000844e-04
8.887699999999999897e-04
8.049900000000000024e-04
7.392499999999999983e-04
6.742000000000000163e-04
6.205699999999999758e-04
5.725199999999999734e-04
5.294100000000000151e-04
4.884200000000000434e-04
4.642900000000000152e-04
4.403400000000000022e-04
4.176299999999999978e-04
3.970000000000000005e-04
3.826400000000000092e-04
3.705000000000000068e-04
3.587500000000000194e-04
3.505800000000000214e-04
3.433900000000000038e-04
3.394599999999999788e-04
3.378999999999999734e-04
3.386800000000000032e-04
3.410299999999999790e-04
3.457700000000000183e-04
3.571000000000000064e-04
3.739300000000000197e-04
3.897500000000000140e-04
4.081199999999999889e-04
4.293300000000000111e-04
4.506000000000000023e-04
4.685900000000000113e-04
4.918000000000000279e-04
5.114300000000000009e-04
5.429900000000000308e-04
5.994999999999999895e-04
6.364899999999999725e-04
6.851599999999999791e-04
7.426600000000000215e-04
7.921199999999999986e-04
8.487699999999999932e-04
9.094700000000000050e-04
9.903500000000000844e-04
1.070999999999999903e-03
1.150200000000000094e-03
1.249700000000000073e-03
1.348299999999999976e-03
1.471599999999999991e-03
1.580500000000000091e-03
1.709199999999999912e-03
1.810500000000000043e-03
1.900199999999999893e-03
1.953400000000000102e-03
1.989700000000000062e-03
2.017399999999999922e-03
2.069099999999999932e-03
2.141899999999999967e-03
2.268800000000000070e-03
2.310899999999999847e-03
2.337699999999999848e-03
2.386699999999999846e-03
2.425399999999999865e-03
2.476200000000000016e-03
2.575099999999999872e-03
2.702700000000000154e-03
2.977099999999999885e-03
3.302100000000000087e-03
4.015999999999999605e-03
4.362999999999999691e-03
4.828299999999999779e-03
5.367700000000000422e-03
6.277500000000000094e-03
7.324699999999999961e-03
8.546500000000000277e-03
1.048999999999999932e-02
1.269999999999999948e-02
1.451400000000000086e-02
1.639799999999999938e-02
1.861200000000000007e-02
2.050199999999999939e-02
2.817000000000000060e-02
3.800100000000000006e-02
4.621600000000000014e-02
5.480100000000000249e-02
6.483200000000000074e-02
7.443700000000000316e-02
8.351999999999999702e-02
9.285200000000000398e-02
1.020400000000000057e-01
1.118900000000000033e-01
1.209999999999999964e-01
1.311599999999999988e-01
1.421600000000000086e-01
1.540999999999999870e-01
1.670300000000000118e-01
1.797999999999999876e-01
1.939899999999999958e-01
2.059600000000000042e-01
2.181700000000000028e-01
2.289799999999999891e-01
2.392199999999999882e-01
2.493400000000000061e-01
2.580999999999999961e-01
2.647200000000000109e-01
2.715099999999999736e-01
2.759199999999999986e-01
2.797600000000000087e-01
2.804099999999999926e-01
2.823499999999999899e-01
2.817000000000000060e-01
2.784800000000000053e-01
2.759199999999999986e-01
2.721399999999999930e-01
2.721399999999999930e-01
2.397700000000000109e-01
1.917699999999999960e-01
1.348300000000000054e-01
9.242499999999999327e-02
6.106500000000000122e-02
3.688000000000000306e-02
2.610900000000000026e-02
1.948899999999999938e-02
1.320699999999999999e-02
9.392700000000000354e-03
6.788800000000000216e-03
5.149800000000000384e-03
4.234400000000000143e-03
3.595800000000000125e-03
3.402399999999999869e-03
3.402399999999999869e-03
3.530099999999999991e-03
3.800099999999999832e-03
4.157100000000000378e-03
4.600299999999999875e-03
5.067499999999999956e-03
5.620700000000000175e-03
6.219999999999999835e-03
6.883199999999999909e-03
7.599599999999999758e-03
8.448699999999999960e-03
9.306599999999999942e-03
1.029900000000000086e-02
1.139699999999999915e-02
1.238200000000000064e-02
1.360800000000000030e-02
1.471599999999999991e-02
1.548099999999999997e-02
1.569600000000000162e-02
1.551600000000000028e-02
1.498999999999999985e-02
1.441399999999999973e-02
1.370200000000000064e-02
1.311599999999999919e-02
1.241100000000000016e-02
1.179799999999999946e-02
1.111200000000000035e-02
1.061199999999999991e-02
1.011100000000000020e-02
9.903500000000000844e-03
9.790200000000000638e-03
9.880800000000000347e-03
1.029900000000000086e-02
1.078400000000000018e-02
1.158200000000000028e-02
1.258300000000000043e-02
1.418400000000000043e-02
1.658799999999999858e-02
2.031399999999999872e-02
2.481900000000000078e-02
3.294500000000000206e-02
4.322999999999999760e-02
6.219999999999999835e-02
8.645500000000000407e-02
1.068500000000000005e-01
1.249699999999999978e-01
1.308499999999999941e-01
1.171600000000000003e-01
8.785999999999999366e-02
6.946900000000000297e-02
5.698899999999999799e-02
4.952100000000000252e-02
4.485299999999999704e-02
4.176300000000000151e-02
3.924600000000000311e-02
3.730699999999999988e-02
3.562799999999999995e-02
3.449800000000000089e-02
3.371199999999999891e-02
3.309700000000000142e-02
3.271799999999999708e-02
3.241800000000000237e-02
3.219500000000000139e-02
3.212099999999999678e-02
3.197300000000000142e-02
3.189999999999999780e-02
3.197300000000000142e-02
3.204699999999999910e-02
3.204699999999999910e-02
3.219500000000000139e-02
3.219500000000000139e-02
3.226899999999999907e-02
3.241800000000000237e-02
3.249300000000000105e-02
3.256799999999999973e-02
3.271799999999999708e-02
3.279399999999999676e-02
3.302100000000000174e-02
3.309700000000000142e-02
3.325000000000000178e-02
3.348000000000000281e-02
3.371199999999999891e-02
3.394599999999999701e-02
3.410300000000000137e-02
3.425999999999999879e-02
3.449800000000000089e-02
3.465700000000000031e-02
3.489699999999999747e-02
3.513899999999999663e-02
3.530099999999999905e-02
3.562799999999999995e-02
3.579199999999999743e-02
3.604000000000000259e-02
3.637399999999999661e-02
3.654199999999999809e-02
3.688000000000000306e-02
3.713600000000000234e-02
3.747899999999999843e-02
3.782599999999999851e-02
3.808799999999999686e-02
3.844100000000000295e-02
3.879599999999999715e-02
3.915500000000000230e-02
3.951799999999999757e-02
3.988300000000000178e-02
4.034499999999999892e-02
4.071799999999999725e-02
4.109499999999999958e-02
4.147499999999999798e-02
4.195600000000000024e-02
4.234399999999999969e-02
4.293299999999999894e-02
4.333000000000000046e-02
4.373099999999999904e-02
4.433900000000000341e-02
4.474999999999999811e-02
4.537200000000000261e-02
4.600300000000000222e-02
4.664299999999999696e-02
4.718300000000000272e-02
4.784000000000000058e-02
4.850499999999999950e-02
4.929399999999999754e-02
4.997900000000000259e-02
5.079100000000000281e-02
5.173599999999999727e-02
5.269800000000000179e-02
5.380100000000000160e-02
5.804800000000000237e-02
5.633699999999999819e-02
5.845100000000000295e-02
5.995000000000000329e-02
6.191399999999999681e-02
6.394299999999999984e-02
6.618999999999999884e-02
6.851599999999999357e-02
7.092299999999999993e-02
7.358499999999999763e-02
7.652299999999999380e-02
7.957699999999999496e-02
8.294500000000000484e-02
8.645500000000000407e-02
8.970000000000000195e-02
9.328000000000000180e-02
9.678100000000000591e-02
9.995199999999999918e-02
1.039400000000000046e-01
1.083400000000000057e-01
1.129300000000000026e-01
1.171600000000000003e-01
1.218400000000000039e-01
1.270000000000000018e-01
1.320699999999999930e-01
1.370200000000000029e-01
1.421600000000000086e-01
1.471600000000000130e-01
1.519800000000000040e-01
1.569599999999999884e-01
1.620999999999999941e-01
1.678000000000000047e-01
1.741000000000000048e-01
1.802100000000000091e-01
1.865499999999999936e-01
1.926599999999999979e-01
1.989700000000000080e-01
2.054900000000000060e-01
2.112499999999999933e-01
2.176700000000000024e-01
2.237599999999999867e-01
2.295000000000000095e-01
2.359300000000000008e-01
2.419900000000000106e-01
2.476200000000000068e-01
2.528099999999999792e-01
2.592900000000000205e-01
2.641100000000000114e-01
2.690199999999999814e-01
2.740199999999999858e-01
2.791199999999999792e-01
2.836500000000000132e-01
2.882600000000000162e-01
2.929499999999999882e-01
2.977099999999999747e-01
3.011599999999999833e-01
3.060499999999999887e-01
3.103099999999999747e-01
3.139000000000000123e-01
3.182699999999999974e-01
3.226899999999999769e-01
3.256800000000000250e-01
3.294500000000000206e-01
3.325000000000000178e-01
3.363499999999999823e-01
3.402399999999999869e-01
3.426000000000000156e-01
3.465699999999999892e-01
3.489700000000000024e-01
3.513899999999999801e-01
3.546400000000000108e-01
3.570999999999999730e-01
3.595800000000000107e-01
3.620700000000000029e-01
3.645800000000000152e-01
3.679499999999999993e-01
3.696499999999999786e-01
3.722099999999999853e-01
3.739299999999999846e-01
3.756599999999999939e-01
3.773900000000000032e-01
3.791300000000000225e-01
3.808799999999999963e-01
3.826399999999999801e-01
3.844099999999999739e-01
3.861800000000000233e-01
3.870700000000000252e-01
3.897499999999999853e-01
3.915500000000000091e-01
3.933599999999999874e-01
3.942700000000000093e-01
3.960899999999999976e-01
3.970000000000000195e-01
3.988300000000000178e-01
3.997499999999999942e-01
4.016000000000000125e-01
4.025199999999999889e-01
4.043800000000000172e-01
4.053100000000000036e-01
4.053100000000000036e-01
4.071799999999999864e-01
4.081199999999999828e-01
4.100099999999999856e-01
4.100099999999999856e-01
4.118999999999999884e-01
4.128499999999999948e-01
4.138000000000000012e-01
4.147500000000000075e-01
4.157100000000000239e-01
4.176300000000000012e-01
4.176300000000000012e-01
4.185900000000000176e-01
4.195599999999999885e-01
4.205200000000000049e-01
4.205200000000000049e-01
4.224600000000000022e-01
4.224600000000000022e-01
4.224600000000000022e-01
4.234399999999999831e-01
4.244100000000000095e-01
4.253899999999999904e-01
4.253899999999999904e-01
4.253899999999999904e-01
4.263700000000000268e-01
4.263700000000000268e-01
4.273600000000000176e-01
4.273600000000000176e-01
4.283399999999999985e-01
4.283399999999999985e-01
4.283399999999999985e-01
4.293299999999999894e-01
4.293299999999999894e-01
4.293299999999999894e-01
4.303199999999999803e-01
4.293299999999999894e-01
4.293299999999999894e-01
4.293299999999999894e-01
4.303199999999999803e-01
4.303199999999999803e-01
4.293299999999999894e-01
4.303199999999999803e-01
4.303199999999999803e-01
4.293299999999999894e-01
4.293299999999999894e-01
4.293299999999999894e-01
4.293299999999999894e-01
4.283399999999999985e-01
4.283399999999999985e-01
4.283399999999999985e-01
4.283399999999999985e-01
4.273600000000000176e-01
4.273600000000000176e-01
4.263700000000000268e-01
4.273600000000000176e-01
4.263700000000000268e-01
4.263700000000000268e-01
4.253899999999999904e-01
4.253899999999999904e-01
4.253899999999999904e-01
4.253899999999999904e-01
4.244100000000000095e-01
4.244100000000000095e-01
4.234399999999999831e-01
4.234399999999999831e-01
4.234399999999999831e-01
4.224600000000000022e-01
4.214899999999999758e-01
4.205200000000000049e-01
4.205200000000000049e-01
4.195599999999999885e-01
4.185900000000000176e-01
4.176300000000000012e-01
4.176300000000000012e-01
4.166699999999999848e-01
4.157100000000000239e-01
4.157100000000000239e-01
4.138000000000000012e-01
4.128499999999999948e-01
4.118999999999999884e-01
4.109499999999999820e-01
4.100099999999999856e-01
4.090599999999999792e-01
4.090599999999999792e-01
4.081199999999999828e-01
4.071799999999999864e-01
4.062500000000000000e-01
4.043800000000000172e-01
4.034499999999999753e-01
4.025199999999999889e-01
4.016000000000000125e-01
4.006700000000000261e-01
4.006700000000000261e-01
3.988300000000000178e-01
3.970000000000000195e-01
3.951799999999999757e-01
3.942700000000000093e-01
3.933599999999999874e-01
3.817599999999999882e-01
3.722099999999999853e-01
3.629000000000000004e-01
3.481699999999999795e-01
3.355799999999999894e-01
3.226899999999999769e-01
3.103099999999999747e-01
2.990800000000000125e-01
2.889300000000000201e-01
2.817000000000000060e-01
2.791199999999999792e-01
2.797600000000000087e-01
2.829999999999999738e-01
2.862799999999999789e-01
2.916000000000000258e-01
2.990800000000000125e-01
3.067500000000000226e-01
3.190000000000000058e-01
3.317300000000000249e-01
3.441799999999999859e-01
3.587500000000000133e-01
3.739299999999999846e-01
3.879600000000000271e-01
4.025199999999999889e-01
4.176300000000000012e-01
4.323000000000000176e-01
4.464699999999999780e-01
4.579199999999999937e-01
4.675099999999999811e-01
4.773000000000000020e-01
4.974999999999999978e-01
5.079099999999999726e-01
5.161700000000000177e-01
5.233499999999999819e-01
5.257600000000000051e-01
5.245499999999999607e-01
5.245499999999999607e-01
5.233499999999999819e-01
5.209399999999999586e-01
5.173600000000000421e-01
5.138000000000000345e-01
5.102600000000000469e-01
5.079099999999999726e-01
5.020999999999999908e-01
4.963500000000000134e-01
4.906699999999999950e-01
4.839399999999999813e-01
4.773000000000000020e-01
4.718300000000000272e-01
4.653599999999999959e-01
4.600299999999999945e-01
4.547700000000000076e-01
4.485299999999999843e-01
4.433900000000000063e-01
4.383199999999999874e-01
4.176300000000000012e-01
4.166699999999999848e-01
4.185900000000000176e-01
4.205200000000000049e-01
4.263700000000000268e-01
4.333000000000000185e-01
4.403400000000000092e-01
4.506000000000000005e-01
4.610899999999999999e-01
4.696699999999999764e-01
4.783999999999999919e-01
4.872900000000000009e-01
4.963500000000000134e-01
5.055800000000000294e-01
5.138000000000000345e-01
5.209399999999999586e-01
5.281900000000000484e-01
5.355400000000000160e-01
5.429899999999999727e-01
5.505400000000000293e-01
5.659699999999999731e-01
5.804799999999999960e-01
5.967500000000000027e-01
6.134699999999999598e-01
6.291999999999999815e-01
6.453400000000000247e-01
6.588600000000000012e-01
6.726499999999999702e-01
6.851599999999999913e-01
6.995000000000000107e-01
7.125099999999999767e-01
7.240900000000000114e-01
7.358500000000000041e-01
7.478099999999999747e-01
7.617099999999999982e-01
7.921200000000000463e-01
8.313599999999999879e-01
8.725500000000000478e-01
9.115699999999999914e-01
9.501500000000000501e-01
9.835399999999999698e-01
1.011100000000000110e+00
1.041800000000000059e+00
1.119899999999999896e+00
1.191200000000000037e+00
1.260899999999999910e+00
1.330100000000000060e+00
1.392800000000000038e+00
1.451699999999999990e+00
1.510699999999999932e+00
1.567099999999999937e+00
1.616600000000000037e+00
1.670299999999999896e+00
1.717899999999999983e+00
1.762699999999999934e+00
1.809199999999999919e+00
1.853499999999999925e+00
1.891000000000000014e+00
1.931000000000000050e+00
1.973300000000000054e+00
2.008999999999999897e+00
2.042600000000000193e+00
2.079200000000000159e+00
2.109599999999999920e+00
2.142300000000000093e+00
2.174199999999999910e+00
2.199300000000000033e+00
2.227899999999999991e+00
2.254700000000000149e+00
2.285499999999999865e+00
2.309899999999999842e+00
2.332899999999999974e+00
2.359900000000000109e+00
2.380100000000000104e+00
2.404300000000000104e+00
2.422600000000000087e+00
2.445100000000000051e+00
2.460300000000000153e+00
2.480799999999999894e+00
2.499699999999999811e+00
2.517599999999999838e+00
2.535099999999999909e+00
2.551499999999999879e+00
2.566800000000000193e+00
2.580999999999999961e+00
2.594700000000000006e+00
2.607299999999999951e+00
2.625399999999999956e+00
2.636299999999999866e+00
2.646599999999999842e+00
2.661900000000000155e+00
2.671100000000000030e+00
2.685299999999999798e+00
2.692099999999999937e+00
2.705099999999999838e+00
2.710799999999999876e+00
2.722599999999999909e+00
2.726999999999999869e+00
2.737099999999999866e+00
2.747199999999999864e+00
2.749699999999999811e+00
2.758000000000000007e+00
2.766199999999999992e+00
2.773899999999999810e+00
2.780299999999999994e+00
2.786700000000000177e+00
2.786099999999999799e+00
2.791799999999999837e+00
2.796300000000000008e+00
2.800899999999999945e+00
2.804699999999999971e+00
2.807999999999999829e+00
2.811100000000000154e+00
2.813699999999999868e+00
2.815799999999999859e+00
2.823999999999999844e+00
2.825299999999999923e+00
2.826200000000000045e+00
2.826799999999999979e+00
2.826900000000000190e+00
2.833200000000000163e+00
2.832599999999999785e+00
2.831599999999999895e+00
2.830299999999999816e+00
2.835199999999999942e+00
2.833200000000000163e+00
2.830900000000000194e+00
2.834700000000000220e+00
2.831799999999999873e+00
2.834999999999999964e+00
2.831500000000000128e+00
2.827599999999999891e+00
2.830000000000000071e+00
2.806599999999999984e+00
2.773099999999999898e+00
2.733299999999999841e+00
2.684699999999999864e+00
2.629599999999999937e+00
2.575699999999999878e+00
2.518800000000000150e+00
2.460900000000000087e+00
2.396599999999999842e+00
2.337699999999999889e+00
2.280299999999999994e+00
2.224299999999999944e+00
2.170199999999999907e+00
2.113399999999999945e+00
2.063899999999999846e+00
2.010899999999999910e+00
1.961100000000000065e+00
1.914199999999999902e+00
1.868100000000000094e+00
1.823900000000000077e+00
1.781099999999999905e+00
1.741000000000000103e+00
1.700900000000000079e+00
1.663000000000000034e+00
1.627000000000000002e+00
1.591099999999999959e+00
1.556999999999999940e+00
1.525099999999999900e+00
1.493100000000000094e+00
1.463200000000000056e+00
1.434099999999999930e+00
1.404700000000000060e+00
1.378100000000000103e+00
1.352000000000000091e+00
1.327099999999999946e+00
1.302200000000000024e+00
1.277900000000000036e+00
1.256000000000000005e+00
1.233100000000000085e+00
1.211999999999999966e+00
1.191200000000000037e+00
1.171100000000000030e+00
1.152099999999999902e+00
1.132900000000000018e+00
1.114999999999999991e+00
1.096999999999999975e+00
1.080200000000000049e+00
1.062899999999999956e+00
1.047099999999999920e+00
1.031099999999999905e+00
1.016000000000000014e+00
1.001100000000000101e+00
9.867099999999999760e-01
9.727299999999999836e-01
9.589400000000000146e-01
9.455599999999999561e-01
9.327999999999999625e-01
9.202200000000000379e-01
9.078000000000000513e-01
8.959599999999999786e-01
8.844800000000000439e-01
8.727500000000000258e-01
8.617700000000000360e-01
8.509200000000000097e-01
8.406000000000000139e-01
8.302100000000000035e-01
8.201399999999999801e-01
8.103799999999999892e-01
8.007400000000000073e-01
7.914299999999999669e-01
7.822200000000000264e-01
7.732700000000000129e-01
7.645399999999999974e-01
7.560299999999999798e-01
7.475699999999999568e-01
7.393999999999999462e-01
7.313800000000000301e-01
7.236399999999999499e-01
7.159200000000000008e-01
7.083300000000000152e-01
7.009400000000000075e-01
6.938299999999999468e-01
6.867199999999999971e-01
6.797499999999999654e-01
6.729600000000000026e-01
6.663499999999999979e-01
6.598399999999999821e-01
6.533600000000000518e-01
6.470500000000000140e-01
6.409000000000000252e-01
5.845099999999999740e-01
5.380099999999999882e-01
4.983000000000000207e-01
4.636500000000000066e-01
4.336999999999999744e-01
4.072799999999999754e-01
3.836999999999999855e-01
3.629899999999999793e-01
3.448200000000000154e-01
3.277100000000000013e-01
3.123099999999999765e-01
2.983299999999999841e-01
2.859499999999999820e-01
2.740900000000000003e-01
2.634500000000000175e-01
2.535100000000000131e-01
2.441099999999999937e-01
2.356100000000000139e-01
2.273999999999999910e-01
2.201899999999999968e-01
2.132000000000000006e-01
2.064400000000000124e-01
2.008099999999999885e-01
1.944400000000000017e-01
1.891400000000000026e-01
1.839899999999999869e-01
1.789699999999999902e-01
1.744999999999999885e-01
1.701300000000000034e-01
1.658799999999999997e-01
1.620999999999999941e-01
1.580499999999999960e-01
1.544500000000000040e-01
1.509399999999999908e-01
1.478399999999999992e-01
1.448099999999999943e-01
1.415099999999999969e-01
1.386100000000000110e-01
1.357700000000000018e-01
1.332899999999999918e-01
1.308499999999999941e-01
1.281700000000000061e-01
1.258299999999999974e-01
1.232499999999999984e-01
1.212799999999999989e-01
1.190699999999999953e-01
1.171600000000000003e-01
1.150199999999999972e-01
1.131899999999999989e-01
1.113800000000000068e-01
1.093400000000000066e-01
1.075900000000000051e-01
1.061200000000000060e-01
1.044199999999999989e-01
1.029899999999999982e-01
1.013399999999999995e-01
9.995199999999999918e-02
9.858000000000000096e-02
9.700400000000000689e-02
9.567299999999999416e-02
9.435999999999999943e-02
9.285200000000000398e-02
9.178899999999999559e-02
9.052999999999999936e-02
8.928700000000000525e-02
8.826499999999999624e-02
8.705400000000000638e-02
8.586000000000000576e-02
8.487699999999999412e-02
8.390499999999999348e-02
8.275399999999999423e-02
8.180700000000000471e-02
8.087099999999999844e-02
7.976099999999999857e-02
7.884800000000000142e-02
7.794500000000000040e-02
7.723099999999999410e-02
7.617100000000000259e-02
7.547299999999999842e-02
7.460899999999999477e-02
7.375500000000000111e-02
7.307900000000000507e-02
7.224200000000000066e-02
7.141500000000000625e-02
7.076000000000000345e-02
6.994999999999999829e-02
6.930899999999999561e-02
6.851599999999999357e-02
6.804399999999999338e-02
6.726500000000000534e-02
6.120500000000000246e-02
5.620700000000000002e-02
5.197399999999999937e-02
4.828299999999999953e-02
4.506000000000000283e-02
4.234399999999999969e-02
3.979099999999999998e-02
3.765199999999999797e-02
3.570999999999999869e-02
3.394599999999999701e-02
3.234399999999999775e-02
3.088799999999999879e-02
2.956599999999999853e-02
2.836500000000000132e-02
2.721399999999999861e-02
2.622999999999999984e-02
2.522299999999999889e-02
2.436599999999999877e-02
2.348499999999999893e-02
2.273999999999999980e-02
2.201900000000000038e-02
2.131999999999999867e-02
2.073900000000000049e-02
2.008100000000000163e-02
1.953399999999999928e-02
1.900200000000000153e-02
1.848400000000000043e-02
1.802099999999999883e-02
1.757099999999999981e-02
1.713100000000000039e-02
1.670299999999999910e-02
1.632300000000000070e-02
1.591400000000000106e-02
1.558799999999999943e-02
1.523300000000000001e-02
1.492100000000000024e-02
1.458100000000000021e-02
1.428199999999999956e-02
1.398899999999999970e-02
1.373399999999999968e-02
1.348300000000000019e-02
1.320699999999999999e-02
1.296600000000000009e-02
1.272900000000000073e-02
1.249699999999999943e-02
1.226799999999999939e-02
1.207199999999999940e-02
1.185199999999999969e-02
1.166200000000000049e-02
1.147600000000000009e-02
1.129299999999999922e-02
1.111200000000000035e-02
1.090900000000000029e-02
1.075899999999999947e-02
1.061199999999999991e-02
1.044199999999999989e-02
1.029900000000000086e-02
1.015800000000000036e-02
9.995199999999999224e-03
9.858000000000000443e-03
9.700399999999999648e-03
9.567300000000000804e-03
9.457800000000000581e-03
9.327999999999999486e-03
9.199999999999999845e-03
9.094700000000000700e-03
8.949300000000000310e-03
8.846899999999999556e-03
8.745599999999999208e-03
8.625600000000000628e-03
8.526900000000000451e-03
8.429300000000000681e-03
8.332799999999999582e-03
8.218500000000000111e-03
8.124400000000000371e-03
8.031399999999999303e-03
7.957699999999999843e-03
7.848600000000000715e-03
7.758700000000000319e-03
7.687600000000000162e-03
7.599599999999999758e-03
7.529899999999999961e-03
7.443700000000000143e-03
7.358499999999999590e-03
7.291100000000000012e-03
7.207599999999999771e-03
7.141500000000000278e-03
7.059799999999999756e-03
7.011200000000000418e-03
