9.684160000000000545e-01
9.647780000000000244e-01
9.609529999999999461e-01
9.569539999999999713e-01
9.527919999999999723e-01
9.441239999999999633e-01
9.347440000000000193e-01
9.245830000000000437e-01
9.139730000000000354e-01
9.026939999999999964e-01
8.908369999999999900e-01
8.787660000000000471e-01
8.664929999999999577e-01
8.541410000000000391e-01
8.421710000000000029e-01
8.307200000000000140e-01
8.197529999999999539e-01
8.099969999999999670e-01
8.022909999999999764e-01
7.977370000000000294e-01
7.970070000000000210e-01
8.055790000000000450e-01
8.207419999999999716e-01
8.309569999999999457e-01
8.352399999999999824e-01
8.352950000000000097e-01
8.316280000000000339e-01
8.309010000000000007e-01
8.405749999999999611e-01
8.669940000000000424e-01
9.035269999999999690e-01
9.418009999999999993e-01
9.816920000000000091e-01
1.020920999999999967e+00
1.049744000000000010e+00
1.068724000000000007e+00
1.087685000000000013e+00
1.111682000000000059e+00
1.140627999999999975e+00
1.173381999999999925e+00
1.214968999999999966e+00
1.259495000000000031e+00
1.302662999999999904e+00
1.346759999999999957e+00
1.387639000000000067e+00
1.425424999999999942e+00
1.455867999999999940e+00
1.476628000000000052e+00
1.493473000000000050e+00
1.506677000000000044e+00
1.516305000000000014e+00
1.523589000000000082e+00
1.528933000000000098e+00
1.535363000000000033e+00
1.543211000000000110e+00
1.548070000000000057e+00
1.553434999999999899e+00
1.560869999999999980e+00
1.570303999999999922e+00
1.584637999999999991e+00
1.606068000000000051e+00
1.626821999999999990e+00
1.633849000000000107e+00
1.619420000000000082e+00
1.586268000000000011e+00
1.536402999999999963e+00
1.496270999999999907e+00
1.471128999999999909e+00
1.461484999999999923e+00
1.460976999999999970e+00
1.469275000000000109e+00
1.489551000000000069e+00
1.521276000000000073e+00
1.559941999999999940e+00
1.596861000000000086e+00
1.620422000000000029e+00
1.641472999999999960e+00
1.650184000000000095e+00
1.652916999999999970e+00
1.653100000000000014e+00
1.647245000000000070e+00
1.635062000000000015e+00
1.605555000000000065e+00
1.568183000000000105e+00
1.549412000000000011e+00
1.543061999999999934e+00
1.513343000000000105e+00
1.491881000000000013e+00
1.475182999999999911e+00
1.462542999999999926e+00
1.451724000000000014e+00
1.442296000000000022e+00
1.434684999999999988e+00
1.427828000000000097e+00
1.421602999999999950e+00
1.415920999999999985e+00
1.410701999999999900e+00
1.406357999999999997e+00
1.402320999999999929e+00
1.398535000000000084e+00
1.394992999999999927e+00
1.391674000000000078e+00
1.388881000000000032e+00
1.386238999999999999e+00
1.383726000000000012e+00
1.381340999999999930e+00
1.379072000000000076e+00
1.376902000000000070e+00
1.375086000000000030e+00
1.373097999999999930e+00
1.371437000000000017e+00
1.369839000000000029e+00
1.368287000000000031e+00
1.366811999999999916e+00
1.365375999999999923e+00
1.363990000000000036e+00
1.362616000000000049e+00
1.361512999999999973e+00
1.360441000000000011e+00
1.359231000000000078e+00
1.358224000000000098e+00
1.357247000000000092e+00
1.356295000000000028e+00
1.355369999999999964e+00
1.354470000000000063e+00
1.353593999999999964e+00
1.352740000000000054e+00
1.352046000000000081e+00
1.351231000000000071e+00
1.350438000000000027e+00
1.349793000000000021e+00
1.349158999999999997e+00
1.348416999999999977e+00
1.347811000000000092e+00
1.347218999999999944e+00
1.346635999999999944e+00
1.346065999999999985e+00
1.345504999999999951e+00
1.344956000000000040e+00
1.344417999999999891e+00
1.343888999999999889e+00
1.343367999999999896e+00
1.342858000000000107e+00
1.342454999999999954e+00
1.341960999999999959e+00
1.341474999999999973e+00
1.341093000000000091e+00
1.340619999999999923e+00
1.340248000000000106e+00
1.339790999999999954e+00
1.339429999999999898e+00
1.339072999999999958e+00
1.338635000000000019e+00
1.338287999999999922e+00
1.337944000000000022e+00
1.337606999999999990e+00
1.337272999999999934e+00
1.336942999999999993e+00
1.336615000000000109e+00
1.336292000000000035e+00
1.335971999999999937e+00
1.335655999999999954e+00
1.335344000000000086e+00
1.335034999999999972e+00
1.334729000000000054e+00
1.334424999999999972e+00
1.334200000000000053e+00
1.333901999999999921e+00
1.333609000000000044e+00
1.333315999999999946e+00
1.333099999999999952e+00
1.332813000000000025e+00
1.332597999999999949e+00
1.332316999999999974e+00
1.332106000000000012e+00
1.331825999999999954e+00
1.331619000000000108e+00
1.331345000000000001e+00
1.331144000000000105e+00
1.330877000000000088e+00
1.330683000000000060e+00
1.330489999999999950e+00
1.330238000000000032e+00
1.330052000000000012e+00
1.329868999999999968e+00
1.329690000000000039e+00
1.329452000000000078e+00
1.329277999999999960e+00
1.329105999999999899e+00
1.328937999999999953e+00
1.328769000000000089e+00
1.328602999999999978e+00
1.328440000000000065e+00
1.328278999999999987e+00
1.328119999999999967e+00
1.327963000000000005e+00
1.327808000000000099e+00
1.327652000000000054e+00
1.327501999999999960e+00
1.327350000000000030e+00
1.327201000000000075e+00
1.327055000000000096e+00
1.326908999999999894e+00
1.326764000000000054e+00
1.326667000000000041e+00
1.326524000000000036e+00
1.326381999999999950e+00
1.326243999999999978e+00
1.326103999999999949e+00
1.326011999999999968e+00
1.325873999999999997e+00
1.325739000000000001e+00
1.325647999999999938e+00
1.325512000000000024e+00
1.325379000000000085e+00
1.325290000000000079e+00
1.325156999999999918e+00
1.325024999999999897e+00
1.324937000000000031e+00
1.324805000000000010e+00
1.324718000000000062e+00
1.324589999999999934e+00
1.324502000000000068e+00
1.324373000000000022e+00
1.324243999999999977e+00
1.324159000000000086e+00
1.324073999999999973e+00
1.323946000000000067e+00
1.323858999999999897e+00
1.323731999999999909e+00
1.323647999999999936e+00
1.323520000000000030e+00
1.323433999999999999e+00
1.323350999999999944e+00
1.323221999999999898e+00
1.323137999999999925e+00
1.323053999999999952e+00
1.322926000000000046e+00
1.322842000000000073e+00
1.322756999999999961e+00
1.322629999999999972e+00
1.322545999999999999e+00
1.322462000000000026e+00
1.322332999999999981e+00
1.322249000000000008e+00
1.322165000000000035e+00
1.322079999999999922e+00
1.321993999999999891e+00
1.321865999999999985e+00
1.321779999999999955e+00
1.321695000000000064e+00
1.321520999999999946e+00
1.321302999999999894e+00
1.321128000000000080e+00
1.320951999999999904e+00
1.320775000000000032e+00
1.320596000000000103e+00
1.320416000000000034e+00
1.320232999999999990e+00
1.320051000000000085e+00
1.319865000000000066e+00
1.319677999999999907e+00
1.319487999999999994e+00
1.319296000000000024e+00
1.319102999999999914e+00
1.318909000000000109e+00
1.318762999999999908e+00
1.318565999999999905e+00
1.318365999999999927e+00
1.318162000000000056e+00
1.318008000000000068e+00
1.317798999999999943e+00
1.317641000000000062e+00
1.317426999999999904e+00
1.317263000000000073e+00
1.317042000000000046e+00
1.316872999999999960e+00
1.316645000000000065e+00
1.316470000000000029e+00
1.316232999999999986e+00
1.316052000000000000e+00
1.315868000000000038e+00
1.315617999999999954e+00
1.315425000000000066e+00
1.315228000000000064e+00
1.315031000000000061e+00
1.314759999999999929e+00
1.314546999999999910e+00
1.314329000000000081e+00
1.314103999999999939e+00
1.313871000000000011e+00
1.313671000000000033e+00
1.313517999999999963e+00
1.313372999999999902e+00
1.313220000000000054e+00
1.313055000000000083e+00
1.312888000000000055e+00
1.312715000000000076e+00
1.312524999999999942e+00
1.312318000000000096e+00
1.312092999999999954e+00
1.311852000000000018e+00
1.311603999999999992e+00
1.311352000000000073e+00
1.311096999999999957e+00
1.310923000000000060e+00
1.310659000000000018e+00
1.310386999999999968e+00
1.310114000000000001e+00
1.309927999999999981e+00
1.309641999999999973e+00
1.309352000000000071e+00
1.309055000000000080e+00
1.308855000000000102e+00
1.308548000000000044e+00
1.308340999999999976e+00
1.308021000000000100e+00
1.307671999999999946e+00
1.307434999999999903e+00
1.307072999999999929e+00
1.306829000000000018e+00
1.306453000000000086e+00
1.306070000000000064e+00
1.305808999999999997e+00
1.305412999999999935e+00
1.305142000000000024e+00
1.304726999999999970e+00
1.304442000000000101e+00
1.304154999999999953e+00
1.303717999999999932e+00
1.303417999999999966e+00
1.302947000000000077e+00
1.302615999999999996e+00
1.302268999999999899e+00
1.301709000000000005e+00
1.301290999999999976e+00
1.300632999999999928e+00
1.300213999999999981e+00
1.299860000000000015e+00
1.299544999999999950e+00
1.298998000000000097e+00
1.298791000000000029e+00
1.298793000000000086e+00
1.298680999999999974e+00
1.298589999999999911e+00
1.298472000000000071e+00
1.298308000000000018e+00
1.298051000000000066e+00
1.297606999999999955e+00
1.297291999999999890e+00
1.296912999999999982e+00
1.296499000000000068e+00
1.296065999999999940e+00
1.295606000000000035e+00
1.294918999999999931e+00
1.294456999999999969e+00
1.293973000000000040e+00
1.293476000000000070e+00
1.292966000000000060e+00
1.292437999999999976e+00
1.291898999999999909e+00
1.291352999999999973e+00
1.290794999999999915e+00
1.290221000000000062e+00
1.289633999999999947e+00
1.289033000000000095e+00
1.288418000000000063e+00
1.287787000000000015e+00
1.287139000000000033e+00
1.286473999999999895e+00
1.285789999999999988e+00
1.285087000000000090e+00
1.284364999999999979e+00
1.283619000000000065e+00
1.282852000000000103e+00
1.282064000000000092e+00
1.281255999999999950e+00
1.280421000000000031e+00
1.279560999999999948e+00
1.278675000000000006e+00
1.277754999999999974e+00
1.276796999999999960e+00
1.276305000000000023e+00
1.275295000000000067e+00
1.274256999999999973e+00
1.273184000000000093e+00
1.272062000000000026e+00
1.270901999999999976e+00
1.269681999999999977e+00
1.269058999999999937e+00
1.267786999999999997e+00
1.266450000000000076e+00
1.265058999999999934e+00
1.263576999999999950e+00
1.262823999999999947e+00
1.261296999999999890e+00
1.259683000000000108e+00
1.257968999999999893e+00
1.257101999999999942e+00
1.255346999999999991e+00
1.253465000000000051e+00
1.251444999999999919e+00
1.250383000000000022e+00
1.248126999999999986e+00
1.245671999999999890e+00
1.243014000000000063e+00
1.240167000000000019e+00
1.238669999999999938e+00
1.237089000000000105e+00
1.235425999999999913e+00
1.233678999999999970e+00
1.231834000000000096e+00
1.227769000000000110e+00
1.225483000000000100e+00
1.223082000000000003e+00
1.220534999999999926e+00
1.218077999999999994e+00
1.215699000000000085e+00
1.209953999999999974e+00
1.206518999999999897e+00
1.202951000000000104e+00
1.199289000000000049e+00
1.195340000000000069e+00
1.191389999999999949e+00
1.188086999999999893e+00
1.179961999999999955e+00
1.174582000000000015e+00
1.168873999999999969e+00
1.160992999999999942e+00
1.152876000000000012e+00
1.149520000000000097e+00
1.142068000000000083e+00
1.136182999999999943e+00
1.132859999999999978e+00
1.131710999999999911e+00
1.132778000000000063e+00
1.130913000000000057e+00
1.127958999999999934e+00
1.127558000000000060e+00
1.129477999999999982e+00
1.128413000000000110e+00
1.125531999999999977e+00
1.125350999999999990e+00
1.127523000000000053e+00
1.133345999999999965e+00
1.142385999999999902e+00
1.145545000000000035e+00
1.152284000000000086e+00
1.162371999999999961e+00
1.178446000000000105e+00
1.185419000000000000e+00
1.195888999999999980e+00
1.208002000000000020e+00
1.229654000000000025e+00
1.240032999999999941e+00
1.252072999999999992e+00
1.263935000000000031e+00
1.285941999999999918e+00
1.297762000000000082e+00
1.307890999999999915e+00
1.326310000000000100e+00
1.334532999999999969e+00
1.352916999999999925e+00
1.411875999999999909e+00
1.452012999999999998e+00
1.466752999999999973e+00
1.461521999999999988e+00
1.449408999999999947e+00
1.432584999999999997e+00
1.417064000000000101e+00
1.404875000000000096e+00
1.393259999999999943e+00
1.384212999999999916e+00
1.376092000000000093e+00
1.368862999999999941e+00
1.362546000000000035e+00
1.356937000000000060e+00
1.351890999999999954e+00
1.347393000000000063e+00
1.343957999999999986e+00
1.340173999999999976e+00
1.336657999999999902e+00
1.333928999999999920e+00
1.331402999999999892e+00
1.328503999999999907e+00
1.326182999999999890e+00
1.323997000000000090e+00
1.321906000000000025e+00
1.319947999999999899e+00
1.318113000000000090e+00
1.316397999999999957e+00
1.314920000000000089e+00
1.313587000000000060e+00
1.312483000000000066e+00
1.311784999999999979e+00
1.311587999999999976e+00
1.311450999999999922e+00
1.311147999999999980e+00
1.310656999999999961e+00
1.309720999999999913e+00
1.308720000000000105e+00
1.307228000000000057e+00
1.305884999999999962e+00
1.304257999999999917e+00
1.301965000000000039e+00
1.299909999999999899e+00
1.297549999999999981e+00
1.294932999999999890e+00
1.292116999999999960e+00
1.289015000000000022e+00
1.285728999999999900e+00
1.282194000000000056e+00
1.278291000000000066e+00
1.273883000000000099e+00
1.268801999999999985e+00
1.262993999999999950e+00
1.256583999999999923e+00
1.248369999999999980e+00
1.242239000000000093e+00
1.234895999999999994e+00
1.229289000000000076e+00
1.231891999999999987e+00
1.242861999999999911e+00
1.268459000000000003e+00
1.295314000000000076e+00
1.330121000000000109e+00
1.341604999999999936e+00
1.339863000000000026e+00
1.335754000000000108e+00
1.329242000000000035e+00
1.325037999999999938e+00
1.320467999999999975e+00
1.317725999999999953e+00
1.314837000000000033e+00
1.311404000000000014e+00
1.309020999999999990e+00
1.306715999999999989e+00
1.304521000000000042e+00
1.301900999999999975e+00
1.300124999999999975e+00
1.298381999999999925e+00
1.296750999999999987e+00
1.295193000000000039e+00
1.293609000000000009e+00
1.292092999999999936e+00
1.290696000000000065e+00
1.289295999999999998e+00
1.287943999999999978e+00
1.286623999999999990e+00
1.285241999999999996e+00
1.283911999999999942e+00
1.282605999999999913e+00
1.281247999999999942e+00
1.279895000000000005e+00
1.278507999999999978e+00
1.277123000000000008e+00
1.276219999999999910e+00
1.274793999999999983e+00
1.273363000000000023e+00
1.271951999999999972e+00
1.270542999999999978e+00
1.269613000000000103e+00
1.268162999999999929e+00
1.266656999999999922e+00
1.265651999999999999e+00
1.264124999999999943e+00
1.262564000000000020e+00
1.261487999999999943e+00
1.259902999999999995e+00
1.258240000000000025e+00
1.257071999999999967e+00
1.255384000000000055e+00
1.254219999999999891e+00
1.252404999999999990e+00
1.251193000000000000e+00
1.249352999999999936e+00
1.247433000000000014e+00
1.246094999999999953e+00
1.244790999999999981e+00
1.242788999999999922e+00
1.241424000000000083e+00
1.239322000000000035e+00
1.237862000000000018e+00
1.235657000000000005e+00
1.234142000000000072e+00
1.232658999999999949e+00
1.230258999999999991e+00
1.228588999999999931e+00
1.226966999999999919e+00
1.224439000000000055e+00
1.222698999999999980e+00
1.220909000000000022e+00
1.218113000000000001e+00
1.216115000000000057e+00
1.214136000000000104e+00
1.211068000000000033e+00
1.208909000000000011e+00
1.206728999999999941e+00
1.204471000000000069e+00
1.202228000000000074e+00
1.198600000000000110e+00
1.195931999999999995e+00
1.193163999999999891e+00
1.190334000000000003e+00
1.187365000000000004e+00
1.183899999999999952e+00
1.180892999999999970e+00
1.178360000000000074e+00
1.174182000000000059e+00
1.170827000000000062e+00
1.167354000000000003e+00
1.163960000000000106e+00
1.160584000000000060e+00
1.157248000000000054e+00
1.153842999999999952e+00
1.150368000000000057e+00
1.146959000000000062e+00
1.143601000000000090e+00
1.140344999999999942e+00
1.137372000000000050e+00
1.134419000000000066e+00
1.131445000000000034e+00
1.128640000000000088e+00
1.125466000000000077e+00
1.122009999999999952e+00
1.118840999999999974e+00
1.116058999999999912e+00
1.113288999999999973e+00
1.110333999999999932e+00
1.107674000000000047e+00
1.105361000000000038e+00
1.103056999999999954e+00
1.100705000000000044e+00
1.097502999999999895e+00
1.096584000000000003e+00
1.096068000000000042e+00
1.094338999999999951e+00
1.092338999999999949e+00
1.090621999999999980e+00
1.089061999999999975e+00
1.086473999999999940e+00
1.086162999999999990e+00
1.087480000000000002e+00
1.087925999999999949e+00
1.087992999999999988e+00
1.086723000000000106e+00
1.087212000000000067e+00
1.089720999999999940e+00
1.090913000000000022e+00
1.091269999999999962e+00
1.092375000000000096e+00
1.095642999999999923e+00
1.098011000000000070e+00
1.099603000000000108e+00
1.100816000000000017e+00
1.104624000000000050e+00
1.107402999999999915e+00
1.108999000000000068e+00
1.110319000000000056e+00
1.114243000000000094e+00
1.116753000000000107e+00
1.118262000000000089e+00
1.122066999999999926e+00
1.124840999999999980e+00
1.126484999999999959e+00
1.130582999999999894e+00
1.133825000000000083e+00
1.135772999999999922e+00
1.139515000000000056e+00
1.141428000000000109e+00
1.145850000000000035e+00
1.149628000000000094e+00
1.151642999999999972e+00
1.156338000000000088e+00
1.160150000000000015e+00
1.161869000000000041e+00
1.165763000000000105e+00
1.167947000000000068e+00
1.172048999999999896e+00
1.174088999999999938e+00
1.178512999999999922e+00
1.182458000000000009e+00
1.184739999999999904e+00
1.189086000000000087e+00
1.191399000000000097e+00
1.195602999999999971e+00
1.197623000000000104e+00
1.201594000000000051e+00
1.203551999999999955e+00
1.207465000000000011e+00
1.209427999999999948e+00
1.213645000000000085e+00
1.215327999999999964e+00
1.218761999999999901e+00
1.220973000000000086e+00
1.225565999999999933e+00
1.227627000000000024e+00
1.231630999999999920e+00
1.233597000000000055e+00
1.237500000000000044e+00
1.239444999999999908e+00
1.243347999999999898e+00
1.245317999999999925e+00
1.249379999999999935e+00
1.251703999999999928e+00
1.253630999999999940e+00
1.256977000000000011e+00
1.258879999999999999e+00
1.263173000000000101e+00
1.265082000000000040e+00
1.268440000000000012e+00
1.270391000000000048e+00
1.272558999999999996e+00
1.276472999999999969e+00
1.278232999999999953e+00
1.282639000000000085e+00
1.284709000000000101e+00
1.286575999999999942e+00
1.290575999999999945e+00
1.292723000000000066e+00
1.294705999999999912e+00
1.298872000000000027e+00
1.301309999999999967e+00
1.303144999999999998e+00
1.306556000000000051e+00
1.308540000000000036e+00
1.313112000000000057e+00
1.315326999999999913e+00
1.317121999999999904e+00
1.320901000000000103e+00
1.322675000000000045e+00
1.324630999999999892e+00
1.326772999999999980e+00
1.330869999999999997e+00
1.333056000000000019e+00
1.334869000000000083e+00
1.338869000000000087e+00
1.341074000000000099e+00
1.342948999999999948e+00
1.347480999999999929e+00
1.349696000000000007e+00
1.351232999999999906e+00
1.352834000000000092e+00
1.356772000000000089e+00
1.359301000000000093e+00
1.361083000000000043e+00
1.364654999999999951e+00
1.367218999999999962e+00
1.369210999999999956e+00
1.370751000000000053e+00
1.374519000000000046e+00
1.376757999999999926e+00
1.378597999999999990e+00
1.380028999999999950e+00
1.383659999999999890e+00
1.385874999999999968e+00
1.387734000000000023e+00
1.389416999999999902e+00
1.390838000000000019e+00
1.394312999999999914e+00
1.396376999999999979e+00
1.398168999999999995e+00
1.399826000000000015e+00
1.401122999999999896e+00
1.404603999999999964e+00
1.406786000000000092e+00
1.408657000000000048e+00
1.410419000000000089e+00
1.412091999999999903e+00
1.415275999999999978e+00
1.417548000000000030e+00
1.419809000000000099e+00
1.421556999999999960e+00
1.422819999999999974e+00
1.426177999999999946e+00
1.428307999999999911e+00
1.429982000000000086e+00
1.431240000000000068e+00
1.432797000000000098e+00
1.434642999999999891e+00
1.435880999999999963e+00
1.439562999999999926e+00
1.441618000000000066e+00
1.442846000000000073e+00
1.444196999999999953e+00
1.445486000000000049e+00
1.446666000000000007e+00
1.447502000000000066e+00
1.450255000000000072e+00
1.452188000000000034e+00
1.453824999999999923e+00
1.455603999999999898e+00
1.456898000000000026e+00
1.457713000000000036e+00
1.458719000000000099e+00
1.459689999999999932e+00
1.460390999999999995e+00
1.463349000000000011e+00
1.465400000000000036e+00
1.466542999999999930e+00
1.467000000000000082e+00
1.467249000000000025e+00
1.467641999999999891e+00
1.483692999999999929e+00
1.499422000000000033e+00
1.516402000000000028e+00
1.529309000000000029e+00
1.537967000000000084e+00
1.544079999999999897e+00
1.546669999999999989e+00
1.546272000000000091e+00
1.542658000000000085e+00
1.535500000000000087e+00
1.527225000000000055e+00
1.519076000000000093e+00
1.511878999999999973e+00
1.505905999999999967e+00
1.498931999999999931e+00
1.492960000000000065e+00
1.486739999999999950e+00
1.481006000000000045e+00
1.478231999999999990e+00
1.476571000000000078e+00
1.475641999999999898e+00
1.477193999999999896e+00
1.480747000000000035e+00
1.485265999999999975e+00
1.491543000000000063e+00
1.499424000000000090e+00
1.508820999999999968e+00
1.520272000000000068e+00
1.531473000000000084e+00
1.542270000000000030e+00
1.567492000000000107e+00
1.594130999999999965e+00
1.619156999999999957e+00
1.643739000000000061e+00
1.669052999999999898e+00
1.690223000000000031e+00
1.709762000000000004e+00
1.729441000000000006e+00
1.747333000000000025e+00
1.762823999999999947e+00
1.777161999999999908e+00
1.790799999999999947e+00
1.805539000000000005e+00
1.819110000000000005e+00
1.830881999999999898e+00
1.842330000000000023e+00
1.851942999999999895e+00
1.859853999999999896e+00
1.867326999999999959e+00
1.874241999999999964e+00
1.880544999999999911e+00
1.886330000000000062e+00
1.891383999999999954e+00
1.895434999999999981e+00
1.899130999999999903e+00
1.907505000000000006e+00
1.911670999999999898e+00
1.919972999999999930e+00
1.927411999999999903e+00
1.934153999999999929e+00
1.941654999999999909e+00
1.948418999999999901e+00
1.955735999999999919e+00
1.965155999999999903e+00
1.974558999999999953e+00
1.983438000000000034e+00
1.992286999999999919e+00
2.001418000000000141e+00
2.010445999999999955e+00
2.020318000000000058e+00
2.029224000000000139e+00
2.037243000000000137e+00
2.045135000000000147e+00
2.052475999999999967e+00
2.059772999999999854e+00
2.073976000000000042e+00
2.086955999999999811e+00
2.099543000000000159e+00
2.112811000000000217e+00
2.125741999999999798e+00
2.139507000000000048e+00
2.153213000000000044e+00
2.166253999999999902e+00
2.177334999999999798e+00
2.188736000000000015e+00
2.200349000000000110e+00
2.210869000000000195e+00
2.220374000000000070e+00
2.228339000000000070e+00
2.236685000000000034e+00
2.254574999999999996e+00
2.270109000000000155e+00
2.290195999999999898e+00
2.312599000000000071e+00
2.337241000000000124e+00
2.363856000000000179e+00
2.385313000000000017e+00
2.399110999999999994e+00
2.436760000000000037e+00
2.481152999999999942e+00
2.527536000000000005e+00
2.577344000000000079e+00
2.629096999999999795e+00
2.679107999999999823e+00
2.729264000000000134e+00
2.781861000000000139e+00
2.831974000000000213e+00
2.881863000000000063e+00
2.933899999999999952e+00
2.983258000000000187e+00
3.032401000000000124e+00
3.084048999999999818e+00
3.133464000000000027e+00
3.179886999999999908e+00
3.228984000000000076e+00
3.279469999999999885e+00
3.326630999999999894e+00
3.374610000000000110e+00
3.422464999999999868e+00
3.468221000000000220e+00
3.516888999999999932e+00
3.563346000000000124e+00
3.607095999999999858e+00
3.650101999999999958e+00
3.695212999999999859e+00
3.741929999999999978e+00
3.785136000000000056e+00
3.829495999999999789e+00
3.873564000000000007e+00
3.917021000000000086e+00
3.960586000000000162e+00
4.003600999999999743e+00
4.045111000000000345e+00
4.084850999999999566e+00
4.125763000000000069e+00
4.166540000000000354e+00
4.207584999999999908e+00
4.248425000000000118e+00
4.288765999999999856e+00
4.328262999999999749e+00
4.367200999999999667e+00
4.403705999999999676e+00
4.442442999999999920e+00
4.482558000000000042e+00
4.518749999999999822e+00
4.555811000000000277e+00
4.593557999999999808e+00
4.631137999999999977e+00
4.667697999999999681e+00
4.704527999999999821e+00
4.740421999999999692e+00
4.776469999999999771e+00
4.811399999999999899e+00
4.844068000000000040e+00
4.881014999999999660e+00
4.915200999999999709e+00
4.946350999999999942e+00
4.979800000000000004e+00
5.013994000000000284e+00
5.047771000000000008e+00
5.083439000000000263e+00
5.116000999999999799e+00
5.146161000000000207e+00
5.177178999999999753e+00
5.209531000000000134e+00
5.241539000000000392e+00
5.273171999999999748e+00
5.304928999999999562e+00
5.336323000000000150e+00
5.367389000000000188e+00
5.398285999999999696e+00
5.428878000000000092e+00
5.459208000000000283e+00
5.489262000000000086e+00
5.519027000000000349e+00
5.548489000000000004e+00
5.577698999999999963e+00
5.606586000000000070e+00
5.635201000000000349e+00
5.663535000000000430e+00
5.691520999999999830e+00
5.719272000000000133e+00
5.746660999999999575e+00
5.773801999999999879e+00
5.800631000000000093e+00
5.827179000000000109e+00
5.853423000000000265e+00
5.879377999999999993e+00
6.131865000000000343e+00
6.346034999999999648e+00
6.538142999999999816e+00
6.711148999999999809e+00
6.867192000000000185e+00
7.007965000000000444e+00
7.135673999999999850e+00
7.252418999999999727e+00
7.358821999999999974e+00
7.455943000000000431e+00
7.544423000000000101e+00
7.625553000000000026e+00
7.701126000000000360e+00
7.768901999999999752e+00
7.831158000000000285e+00
7.889643000000000406e+00
7.941322000000000436e+00
7.989354999999999762e+00
8.033791000000000793e+00
8.074469000000000563e+00
8.112180000000000391e+00
8.147128000000000370e+00
8.179842999999999975e+00
8.209818000000000282e+00
8.238281000000000631e+00
8.264599000000000473e+00
8.288448000000000704e+00
8.311296999999999713e+00
8.332788000000000750e+00
8.352700000000000458e+00
8.371978999999999616e+00
8.389151000000000025e+00
8.405155999999999850e+00
8.420858000000000843e+00
8.435660000000000380e+00
8.449911999999999423e+00
8.462521000000000626e+00
8.474672999999999234e+00
8.486470000000000624e+00
8.497289999999999566e+00
8.507813999999999766e+00
8.517490000000000450e+00
8.526994999999999436e+00
8.535947000000000173e+00
8.545560000000000045e+00
8.554652000000000811e+00
8.563363000000000724e+00
8.571604999999999919e+00
8.579613000000000156e+00
8.587191000000000685e+00
8.594362000000000279e+00
8.601342000000000709e+00
8.607948000000000377e+00
8.614382000000000872e+00
8.620473000000000496e+00
8.626322999999999297e+00
8.632030000000000314e+00
8.637430999999999415e+00
8.642623000000000388e+00
8.647693000000000296e+00
8.652568000000000481e+00
8.657180999999999571e+00
8.661690999999999363e+00
8.666028999999999982e+00
8.670272999999999897e+00
8.674286999999999637e+00
8.678217000000000070e+00
8.681998999999999356e+00
8.685638000000000858e+00
8.689204000000000150e+00
8.692636999999999503e+00
8.695940999999999477e+00
8.699180999999999386e+00
8.702403999999999584e+00
8.705507000000000772e+00
8.708553000000000210e+00
8.711486000000000729e+00
8.714366000000000057e+00
8.717138999999999527e+00
8.719808000000000447e+00
8.722431999999999519e+00
8.725011000000000294e+00
8.727494000000000085e+00
8.729884000000000199e+00
8.732236000000000331e+00
8.734548999999999452e+00
8.736776000000000764e+00
8.738918999999999215e+00
8.741028999999999272e+00
8.743107000000000184e+00
8.761392000000000735e+00
8.776132999999999740e+00
8.788090999999999653e+00
8.797836000000000212e+00
8.804337000000000302e+00
8.809677000000000646e+00
8.814082000000000860e+00
8.817866999999999678e+00
8.821129000000000886e+00
8.823833999999999733e+00
8.826183999999999585e+00
8.828229999999999578e+00
8.830102999999999369e+00
8.831656000000000617e+00
8.833090999999999582e+00
8.834348000000000312e+00
8.835449000000000552e+00
8.836475000000000080e+00
8.837374999999999758e+00
8.838141000000000247e+00
8.838808999999999472e+00
8.839434000000000680e+00
8.840020000000000877e+00
8.840491000000000099e+00
8.840973999999999222e+00
8.841393999999999309e+00
8.841789999999999594e+00
8.842166000000000636e+00
8.842491000000000767e+00
8.842800999999999689e+00
8.843094999999999928e+00
8.843348999999999904e+00
8.843590999999999980e+00
8.843823000000000434e+00
8.844044000000000239e+00
8.844253999999999394e+00
8.844435999999999964e+00
8.844609000000000165e+00
8.844775999999999527e+00
8.844936000000000575e+00
8.845088999999999757e+00
8.845219999999999416e+00
8.845345000000000013e+00
8.845466999999999302e+00
8.845582999999999529e+00
8.845696000000000225e+00
8.845803999999999334e+00
8.845895999999999759e+00
8.845997000000000554e+00
8.846081999999999113e+00
8.846163999999999916e+00
8.846244000000000440e+00
8.846320999999999657e+00
8.846396000000000370e+00
8.846467999999999776e+00
8.846538000000000679e+00
8.846595999999999904e+00
8.846662000000000248e+00
8.846716000000000690e+00
8.846769000000000105e+00
8.846821000000000268e+00
8.846871000000000151e+00
8.846920000000000783e+00
8.846966999999999359e+00
8.847013000000000460e+00
8.847058000000000533e+00
8.847094000000000236e+00
8.847137000000000029e+00
8.847177999999999543e+00
8.847212000000000742e+00
8.847243999999999886e+00
8.847282999999999120e+00
8.847314000000000789e+00
8.847343999999999653e+00
8.847374000000000294e+00
8.847402999999999906e+00
8.847436999999999330e+00
8.847459000000000628e+00
8.847485000000000710e+00
8.847512000000000043e+00
8.847537000000000873e+00
8.847562999999999178e+00
8.847581999999999169e+00
8.847606000000000748e+00
8.847630000000000550e+00
8.847647999999999513e+00
8.847671000000000063e+00
8.847687999999999775e+00
8.847709999999999297e+00
8.847727000000000785e+00
8.847889000000000337e+00
8.848012999999999906e+00
8.848108999999999114e+00
8.848183000000000575e+00
8.848243000000000080e+00
8.848290999999999684e+00
8.848330000000000695e+00
8.848364000000000118e+00
8.848392000000000479e+00
8.848414999999999253e+00
8.848435000000000272e+00
8.848451999999999984e+00
8.848466999999999416e+00
8.848480000000000345e+00
8.848490999999999218e+00
8.848501000000000616e+00
8.848509999999999209e+00
8.848518000000000328e+00
8.848523999999999390e+00
8.848530999999999480e+00
8.848535999999999291e+00
8.848541000000000878e+00
8.848546000000000689e+00
8.848549999999999471e+00
8.848554000000000030e+00
8.848556999999999562e+00
8.848560000000000869e+00
8.848563000000000400e+00
8.848565999999999931e+00
8.848568000000000211e+00
8.848570000000000491e+00
8.848572000000000770e+00
8.848573999999999273e+00
8.848575999999999553e+00
8.848577000000000581e+00
8.848579000000000860e+00
8.848580000000000112e+00
8.848580999999999364e+00
8.848582000000000392e+00
8.848584000000000671e+00
8.848584999999999923e+00
8.848584999999999923e+00
8.848585999999999174e+00
8.848587000000000202e+00
8.848587999999999454e+00
8.848589000000000482e+00
8.848589000000000482e+00
8.848589999999999733e+00
8.848591000000000761e+00
8.848591000000000761e+00
8.848592000000000013e+00
8.848592000000000013e+00
8.848592999999999265e+00
8.848592999999999265e+00
8.848594000000000293e+00
8.848594000000000293e+00
8.848594000000000293e+00
8.848594999999999544e+00
8.848594999999999544e+00
8.848594999999999544e+00
8.848596000000000572e+00
8.848596000000000572e+00
8.848596000000000572e+00
8.848596000000000572e+00
8.848596999999999824e+00
8.848596999999999824e+00
8.848596999999999824e+00
8.848596999999999824e+00
8.848598000000000852e+00
8.848598000000000852e+00
8.848598000000000852e+00
8.848598000000000852e+00
8.848598000000000852e+00
8.848598000000000852e+00
8.848598000000000852e+00
8.848599000000000103e+00
8.848599000000000103e+00
8.848599000000000103e+00
8.848599000000000103e+00
8.848599000000000103e+00
8.848599000000000103e+00
8.848599000000000103e+00
8.848599000000000103e+00
8.848599999999999355e+00
8.848599999999999355e+00
8.848599999999999355e+00
8.848599999999999355e+00
8.848599999999999355e+00
8.848599999999999355e+00
