1.000000000000000021e-02
1.098999999999999977e-02
1.199500000000000045e-02
1.300199999999999967e-02
1.399599999999999976e-02
1.599599999999999980e-02
1.798900000000000152e-02
1.999899999999999942e-02
2.197899999999999854e-02
2.398799999999999891e-02
2.600200000000000081e-02
2.799000000000000099e-02
2.999200000000000130e-02
3.198899999999999660e-02
3.396300000000000013e-02
3.597500000000000003e-02
3.801899999999999724e-02
3.999400000000000177e-02
4.197599999999999942e-02
4.395400000000000001e-02
4.602599999999999747e-02
4.797300000000000175e-02
5.000299999999999884e-02
5.199999999999999761e-02
5.395099999999999896e-02
5.597599999999999798e-02
5.794300000000000145e-02
5.997899999999999759e-02
6.194399999999999906e-02
6.397300000000000209e-02
6.606900000000000273e-02
6.807699999999999863e-02
6.998400000000000454e-02
7.194499999999999507e-02
7.396099999999999897e-02
7.603300000000000336e-02
7.798299999999999677e-02
7.998299999999999854e-02
8.203499999999999681e-02
8.394600000000000672e-02
8.590100000000000513e-02
8.790199999999999403e-02
8.995000000000000218e-02
9.204500000000000182e-02
9.397199999999999998e-02
9.593999999999999750e-02
9.794899999999999440e-02
1.000000000000000056e-01
1.020900000000000002e-01
1.039899999999999991e-01
1.059299999999999964e-01
1.078899999999999998e-01
1.098999999999999977e-01
1.119399999999999978e-01
1.140199999999999964e-01
1.158799999999999969e-01
1.180299999999999960e-01
1.199500000000000011e-01
1.218999999999999945e-01
1.238800000000000040e-01
1.258900000000000019e-01
1.279399999999999982e-01
1.300199999999999967e-01
1.321299999999999975e-01
1.339700000000000057e-01
1.361400000000000110e-01
1.380399999999999960e-01
1.399600000000000011e-01
1.419100000000000084e-01
1.438800000000000079e-01
1.458800000000000097e-01
1.479100000000000137e-01
1.499699999999999922e-01
1.520499999999999907e-01
1.541700000000000015e-01
1.559599999999999875e-01
1.581200000000000105e-01
1.599599999999999911e-01
1.621799999999999908e-01
1.640600000000000114e-01
1.659599999999999964e-01
1.678800000000000014e-01
1.698199999999999987e-01
1.721900000000000097e-01
1.741800000000000015e-01
1.749799999999999967e-01
1.798899999999999944e-01
1.849300000000000110e-01
1.901100000000000012e-01
1.949799999999999867e-01
1.999900000000000011e-01
2.051199999999999968e-01
2.098899999999999932e-01
2.147799999999999987e-01
2.197900000000000131e-01
2.249099999999999988e-01
2.301400000000000112e-01
2.349600000000000022e-01
2.398800000000000099e-01
2.449099999999999888e-01
2.500299999999999745e-01
2.552699999999999969e-01
2.600199999999999734e-01
2.648499999999999743e-01
2.697700000000000098e-01
2.747899999999999787e-01
2.798999999999999821e-01
2.851000000000000201e-01
2.897299999999999875e-01
2.951199999999999934e-01
2.999200000000000199e-01
3.047900000000000054e-01
3.097400000000000153e-01
3.147699999999999942e-01
3.198900000000000077e-01
3.250899999999999901e-01
3.303699999999999970e-01
3.349699999999999900e-01
3.396299999999999875e-01
3.451400000000000023e-01
3.499499999999999833e-01
3.548100000000000143e-01
3.597500000000000142e-01
3.647500000000000187e-01
3.698299999999999921e-01
3.749700000000000255e-01
3.801899999999999724e-01
3.845899999999999874e-01
3.899400000000000088e-01
3.953699999999999992e-01
3.999400000000000177e-01
4.045799999999999952e-01
4.102000000000000091e-01
4.149499999999999855e-01
4.197600000000000220e-01
4.246199999999999974e-01
4.295399999999999774e-01
4.345100000000000073e-01
4.395399999999999863e-01
4.446300000000000252e-01
4.497800000000000131e-01
4.549900000000000055e-01
4.602600000000000025e-01
4.645199999999999885e-01
4.698899999999999744e-01
4.753399999999999848e-01
4.797299999999999898e-01
4.852899999999999991e-01
4.897799999999999931e-01
4.954500000000000015e-01
5.000299999999999745e-01
5.046599999999999975e-01
5.104999999999999538e-01
5.152299999999999658e-01
5.200000000000000178e-01
5.248099999999999987e-01
5.296600000000000197e-01
5.345600000000000351e-01
5.395100000000000451e-01
5.444999999999999840e-01
5.495400000000000285e-01
5.546299999999999564e-01
5.597600000000000353e-01
5.649399999999999977e-01
5.701600000000000001e-01
5.754399999999999515e-01
5.794300000000000006e-01
5.847900000000000320e-01
5.901999999999999469e-01
5.956599999999999673e-01
5.997900000000000453e-01
6.053399999999999892e-01
6.095399999999999707e-01
6.151799999999999491e-01
6.194399999999999906e-01
6.251700000000000035e-01
6.295100000000000140e-01
6.353299999999999503e-01
6.397300000000000209e-01
6.456499999999999462e-01
6.501299999999999857e-01
6.546399999999999997e-01
6.606899999999999995e-01
6.652700000000000280e-01
6.698800000000000310e-01
6.745299999999999629e-01
6.807699999999999863e-01
6.854900000000000437e-01
6.902399999999999647e-01
6.950199999999999712e-01
6.998400000000000176e-01
7.046900000000000386e-01
7.095799999999999885e-01
7.145000000000000240e-01
7.194500000000000339e-01
7.244399999999999729e-01
7.294599999999999973e-01
7.345099999999999962e-01
7.396099999999999897e-01
7.447300000000000031e-01
7.498899999999999455e-01
7.550900000000000389e-01
7.603299999999999503e-01
7.655999999999999472e-01
7.691299999999999804e-01
7.744600000000000373e-01
7.798300000000000232e-01
7.852400000000000491e-01
7.906800000000000495e-01
7.943299999999999805e-01
7.998300000000000409e-01
8.053799999999999848e-01
8.091000000000000414e-01
8.146999999999999797e-01
8.203500000000000236e-01
8.241399999999999837e-01
8.298499999999999766e-01
8.356000000000000094e-01
8.394599999999999840e-01
8.452800000000000313e-01
8.491800000000000459e-01
8.550699999999999967e-01
8.590100000000000513e-01
8.649700000000000166e-01
8.709599999999999564e-01
8.749799999999999800e-01
8.790200000000000236e-01
8.851200000000000179e-01
8.891999999999999904e-01
8.953600000000000447e-01
8.994999999999999662e-01
9.057300000000000351e-01
9.099099999999999966e-01
9.141099999999999781e-01
9.204499999999999904e-01
9.246999999999999664e-01
9.289699999999999624e-01
9.354099999999999637e-01
9.397199999999999998e-01
9.440600000000000103e-01
9.506000000000000005e-01
9.549900000000000055e-01
9.594000000000000306e-01
9.660499999999999643e-01
9.705099999999999838e-01
9.749900000000000233e-01
9.794899999999999718e-01
9.840100000000000513e-01
9.908299999999999885e-01
9.954100000000000170e-01
1.000000000000000000e+00
1.009300000000000086e+00
1.020899999999999919e+00
1.030399999999999983e+00
1.039900000000000047e+00
1.049500000000000099e+00
1.059299999999999908e+00
1.069099999999999939e+00
1.078899999999999970e+00
1.088899999999999979e+00
1.098999999999999977e+00
1.109199999999999964e+00
1.119399999999999951e+00
1.129799999999999915e+00
1.140200000000000102e+00
1.150800000000000045e+00
1.158800000000000052e+00
1.169499999999999984e+00
1.180299999999999905e+00
1.191200000000000037e+00
1.199500000000000011e+00
1.210599999999999898e+00
1.219000000000000083e+00
1.230299999999999949e+00
1.238799999999999901e+00
1.250299999999999967e+00
1.258899999999999908e+00
1.270599999999999952e+00
1.279400000000000093e+00
1.291199999999999903e+00
1.300200000000000022e+00
1.309199999999999919e+00
1.321299999999999919e+00
1.330500000000000016e+00
1.339699999999999891e+00
1.348999999999999977e+00
1.361399999999999944e+00
1.370900000000000007e+00
1.380400000000000071e+00
1.389999999999999902e+00
1.399599999999999955e+00
1.409299999999999997e+00
1.419100000000000028e+00
1.428900000000000059e+00
1.438800000000000079e+00
1.448800000000000088e+00
1.458800000000000097e+00
1.468900000000000095e+00
1.479100000000000081e+00
1.489400000000000057e+00
1.499700000000000033e+00
1.510099999999999998e+00
1.520499999999999963e+00
1.531099999999999905e+00
1.541700000000000070e+00
1.548799999999999955e+00
1.559600000000000097e+00
1.570400000000000018e+00
1.581199999999999939e+00
1.588500000000000023e+00
1.599599999999999911e+00
1.610600000000000032e+00
1.621799999999999908e+00
1.629299999999999971e+00
1.640600000000000058e+00
1.648200000000000109e+00
1.659599999999999964e+00
1.671100000000000030e+00
1.678800000000000070e+00
1.690399999999999903e+00
1.698199999999999932e+00
1.709999999999999964e+00
1.721899999999999986e+00
1.729800000000000004e+00
1.741800000000000015e+00
1.749800000000000022e+00
1.762000000000000011e+00
1.770100000000000007e+00
1.778299999999999992e+00
1.790599999999999969e+00
1.798899999999999944e+00
1.811299999999999910e+00
1.819700000000000095e+00
1.828100000000000058e+00
1.840799999999999992e+00
1.849299999999999944e+00
1.862100000000000088e+00
1.870700000000000029e+00
1.879299999999999971e+00
1.887999999999999901e+00
1.901100000000000012e+00
1.909899999999999931e+00
1.918700000000000072e+00
1.931999999999999940e+00
1.940900000000000070e+00
1.949799999999999978e+00
1.958800000000000097e+00
1.967899999999999983e+00
1.981500000000000039e+00
1.990699999999999914e+00
1.999900000000000011e+00
2.009100000000000108e+00
2.018400000000000194e+00
2.027699999999999836e+00
2.041700000000000070e+00
2.051200000000000134e+00
2.060599999999999987e+00
2.070100000000000051e+00
2.079699999999999882e+00
2.089300000000000157e+00
2.098899999999999988e+00
2.108600000000000030e+00
2.118399999999999839e+00
2.128099999999999881e+00
2.137999999999999901e+00
2.147800000000000153e+00
2.157700000000000173e+00
2.167699999999999960e+00
2.177700000000000191e+00
2.187800000000000189e+00
2.197900000000000187e+00
2.208000000000000185e+00
2.218199999999999950e+00
2.228400000000000158e+00
2.238700000000000134e+00
2.249099999999999877e+00
2.259399999999999853e+00
2.269899999999999807e+00
2.280299999999999994e+00
2.290900000000000158e+00
2.301400000000000112e+00
2.312100000000000044e+00
2.317400000000000126e+00
2.328100000000000058e+00
2.338799999999999990e+00
2.349600000000000133e+00
2.360500000000000043e+00
2.371399999999999952e+00
2.382299999999999862e+00
2.387799999999999923e+00
2.398800000000000043e+00
2.409899999999999931e+00
2.420999999999999819e+00
2.432199999999999918e+00
2.437800000000000189e+00
2.449100000000000055e+00
2.460399999999999920e+00
2.471699999999999786e+00
2.477399999999999824e+00
2.488900000000000112e+00
2.500300000000000189e+00
2.511899999999999800e+00
2.517700000000000049e+00
2.529300000000000104e+00
2.540999999999999925e+00
2.552700000000000191e+00
2.564499999999999780e+00
2.570399999999999796e+00
2.576299999999999812e+00
2.582300000000000040e+00
2.588200000000000056e+00
2.594199999999999839e+00
2.606199999999999850e+00
2.612200000000000077e+00
2.618199999999999861e+00
2.624200000000000088e+00
2.630300000000000082e+00
2.636299999999999866e+00
2.648499999999999854e+00
2.654599999999999849e+00
2.660699999999999843e+00
2.666900000000000048e+00
2.673000000000000043e+00
2.679199999999999804e+00
2.685299999999999798e+00
2.697700000000000209e+00
2.704000000000000181e+00
2.710199999999999942e+00
2.716400000000000148e+00
2.722700000000000120e+00
2.729000000000000092e+00
2.741600000000000037e+00
2.747900000000000009e+00
2.754199999999999982e+00
2.760600000000000165e+00
2.766900000000000137e+00
2.779700000000000060e+00
2.786099999999999799e+00
2.792499999999999982e+00
2.798999999999999932e+00
2.811900000000000066e+00
2.818400000000000016e+00
2.824899999999999967e+00
2.831399999999999917e+00
2.837899999999999867e+00
2.850999999999999979e+00
2.857600000000000140e+00
2.864199999999999857e+00
2.870800000000000018e+00
2.883999999999999897e+00
2.890699999999999825e+00
2.897299999999999986e+00
2.903999999999999915e+00
2.917400000000000215e+00
2.924199999999999910e+00
2.930899999999999839e+00
2.937600000000000211e+00
2.951200000000000045e+00
2.958000000000000185e+00
2.964799999999999880e+00
2.978499999999999925e+00
2.985399999999999832e+00
2.999200000000000088e+00
3.047899999999999832e+00
3.097399999999999931e+00
3.147699999999999942e+00
3.198900000000000077e+00
3.250900000000000123e+00
3.303700000000000081e+00
3.349699999999999900e+00
3.396300000000000097e+00
3.451400000000000023e+00
3.499499999999999833e+00
3.548099999999999810e+00
3.597500000000000142e+00
3.647499999999999964e+00
3.698300000000000143e+00
3.749699999999999811e+00
3.801899999999999835e+00
3.845899999999999874e+00
3.899399999999999977e+00
3.953699999999999992e+00
3.999400000000000066e+00
4.045799999999999841e+00
4.102000000000000313e+00
4.149499999999999744e+00
4.197600000000000442e+00
4.246199999999999974e+00
4.295399999999999885e+00
4.345100000000000406e+00
4.395400000000000418e+00
4.446299999999999919e+00
4.497799999999999798e+00
4.549900000000000055e+00
4.602599999999999802e+00
4.645199999999999996e+00
4.698900000000000077e+00
4.753400000000000070e+00
4.797299999999999898e+00
4.852899999999999991e+00
4.897800000000000153e+00
4.954500000000000348e+00
5.000300000000000189e+00
5.046599999999999753e+00
5.105000000000000426e+00
5.152300000000000324e+00
5.200000000000000178e+00
5.248099999999999987e+00
5.296599999999999753e+00
5.345600000000000129e+00
5.395100000000000229e+00
5.445000000000000284e+00
5.495400000000000063e+00
5.546299999999999564e+00
5.597599999999999909e+00
5.649399999999999977e+00
5.701600000000000001e+00
5.754400000000000404e+00
5.794299999999999784e+00
5.847900000000000098e+00
5.902000000000000135e+00
5.956599999999999895e+00
5.997899999999999565e+00
6.053399999999999892e+00
6.095399999999999707e+00
6.151799999999999713e+00
6.194399999999999906e+00
6.251699999999999591e+00
6.295099999999999696e+00
6.353299999999999947e+00
6.397300000000000431e+00
6.456500000000000128e+00
6.501299999999999635e+00
6.546400000000000219e+00
6.606900000000000439e+00
6.652700000000000280e+00
6.698800000000000310e+00
6.745300000000000296e+00
6.807699999999999640e+00
6.854899999999999771e+00
6.902400000000000091e+00
6.950199999999999712e+00
6.998400000000000176e+00
7.046899999999999942e+00
7.095799999999999663e+00
7.144999999999999574e+00
7.194499999999999673e+00
7.244399999999999729e+00
7.294599999999999973e+00
7.345100000000000406e+00
7.396099999999999675e+00
7.447300000000000253e+00
7.498899999999999899e+00
7.550900000000000389e+00
7.603299999999999947e+00
7.655999999999999694e+00
7.691300000000000026e+00
7.744600000000000151e+00
7.798300000000000232e+00
7.852400000000000269e+00
7.906799999999999606e+00
7.943299999999999805e+00
7.998300000000000409e+00
8.053800000000000736e+00
8.090999999999999304e+00
8.147000000000000242e+00
8.203500000000000014e+00
8.241400000000000503e+00
8.298500000000000654e+00
8.355999999999999872e+00
8.394600000000000506e+00
8.452799999999999869e+00
8.491799999999999571e+00
8.550700000000000855e+00
8.590099999999999625e+00
8.649699999999999278e+00
8.709600000000000009e+00
8.749800000000000466e+00
8.790200000000000458e+00
8.851200000000000401e+00
8.891999999999999460e+00
8.953599999999999781e+00
8.994999999999999218e+00
9.057299999999999685e+00
9.099099999999999966e+00
9.141099999999999781e+00
9.204499999999999460e+00
9.246999999999999886e+00
9.289699999999999847e+00
9.354100000000000747e+00
9.397199999999999775e+00
9.440599999999999881e+00
9.506000000000000227e+00
9.549899999999999167e+00
9.593999999999999417e+00
9.660500000000000753e+00
9.705099999999999838e+00
9.749900000000000233e+00
9.794900000000000162e+00
9.840099999999999625e+00
9.908300000000000551e+00
9.954100000000000392e+00
1.000000000000000000e+01
1.004599999999999937e+01
1.009299999999999997e+01
1.013899999999999935e+01
1.020899999999999963e+01
1.025699999999999967e+01
1.030400000000000027e+01
1.035100000000000087e+01
1.039899999999999913e+01
1.044699999999999918e+01
1.049499999999999922e+01
1.054400000000000048e+01
1.059299999999999997e+01
1.064100000000000001e+01
1.069100000000000072e+01
1.074000000000000021e+01
1.078899999999999970e+01
1.083900000000000041e+01
1.088899999999999935e+01
1.093999999999999950e+01
1.099000000000000021e+01
1.104100000000000037e+01
1.109200000000000053e+01
1.114300000000000068e+01
1.119400000000000084e+01
1.124600000000000044e+01
1.129800000000000004e+01
1.134999999999999964e+01
1.140199999999999925e+01
1.145500000000000007e+01
1.150799999999999912e+01
1.156099999999999994e+01
1.158799999999999919e+01
1.164100000000000001e+01
1.169500000000000028e+01
1.174900000000000055e+01
1.180300000000000082e+01
1.185800000000000054e+01
1.191200000000000081e+01
1.193999999999999950e+01
1.199499999999999922e+01
1.205000000000000071e+01
1.210599999999999987e+01
1.216200000000000081e+01
1.218999999999999950e+01
1.224600000000000044e+01
1.230300000000000082e+01
1.235899999999999999e+01
1.238799999999999990e+01
1.244500000000000028e+01
1.250300000000000011e+01
1.256000000000000050e+01
1.258900000000000041e+01
1.264700000000000024e+01
1.270599999999999952e+01
1.276399999999999935e+01
1.279400000000000048e+01
1.285299999999999976e+01
1.291200000000000081e+01
1.294200000000000017e+01
1.300200000000000067e+01
1.306199999999999939e+01
1.309200000000000053e+01
1.315199999999999925e+01
1.321299999999999919e+01
1.324300000000000033e+01
1.330499999999999972e+01
1.333500000000000085e+01
1.339700000000000024e+01
1.345899999999999963e+01
1.349000000000000021e+01
1.355199999999999960e+01
1.361400000000000077e+01
1.364600000000000080e+01
1.370899999999999963e+01
1.374000000000000021e+01
1.380400000000000027e+01
1.383600000000000030e+01
1.390000000000000036e+01
1.396400000000000041e+01
1.399600000000000044e+01
1.406000000000000050e+01
1.409299999999999997e+01
1.415799999999999947e+01
1.419100000000000072e+01
1.425600000000000023e+01
1.428899999999999970e+01
1.435500000000000043e+01
1.438799999999999990e+01
1.445400000000000063e+01
1.448799999999999955e+01
1.455499999999999972e+01
1.458799999999999919e+01
1.465499999999999936e+01
1.468900000000000006e+01
1.475699999999999967e+01
1.479100000000000037e+01
1.485899999999999999e+01
1.489400000000000013e+01
1.496199999999999974e+01
1.499699999999999989e+01
1.506600000000000072e+01
1.510100000000000087e+01
1.513599999999999923e+01
1.520500000000000007e+01
1.524099999999999966e+01
1.531099999999999994e+01
1.534600000000000009e+01
1.541699999999999982e+01
1.545299999999999940e+01
1.548799999999999955e+01
1.556000000000000050e+01
1.559600000000000009e+01
1.566799999999999926e+01
1.570400000000000063e+01
1.574000000000000021e+01
1.581199999999999939e+01
1.584900000000000020e+01
1.588499999999999979e+01
1.595899999999999963e+01
1.599600000000000044e+01
1.603200000000000003e+01
1.610600000000000165e+01
1.614399999999999835e+01
1.621799999999999997e+01
1.625499999999999901e+01
1.629299999999999926e+01
1.636799999999999855e+01
1.640599999999999881e+01
1.644399999999999906e+01
1.648199999999999932e+01
1.655799999999999983e+01
1.659600000000000009e+01
1.663400000000000034e+01
1.671099999999999852e+01
1.674899999999999878e+01
1.678800000000000026e+01
1.686599999999999966e+01
1.690399999999999991e+01
1.694300000000000139e+01
1.698199999999999932e+01
1.706099999999999994e+01
1.710000000000000142e+01
1.714000000000000057e+01
1.721900000000000119e+01
1.725799999999999912e+01
1.729799999999999827e+01
1.733800000000000097e+01
1.741799999999999926e+01
1.745799999999999841e+01
1.749800000000000111e+01
1.753900000000000148e+01
1.762000000000000099e+01
1.766000000000000014e+01
1.770100000000000051e+01
1.774200000000000088e+01
1.778300000000000125e+01
1.786499999999999844e+01
1.790599999999999881e+01
1.794699999999999918e+01
1.798900000000000077e+01
1.803000000000000114e+01
1.811299999999999955e+01
1.815500000000000114e+01
1.819699999999999918e+01
1.823900000000000077e+01
1.828099999999999881e+01
1.836499999999999844e+01
1.840800000000000125e+01
1.844999999999999929e+01
1.849299999999999855e+01
1.853500000000000014e+01
1.862099999999999866e+01
1.866400000000000148e+01
1.870700000000000074e+01
1.875000000000000000e+01
1.879299999999999926e+01
1.883599999999999852e+01
1.887999999999999901e+01
1.896699999999999875e+01
1.901099999999999923e+01
1.905499999999999972e+01
1.909900000000000020e+01
1.914300000000000068e+01
1.918700000000000117e+01
1.923100000000000165e+01
1.932000000000000028e+01
1.936400000000000077e+01
1.940899999999999892e+01
1.945400000000000063e+01
1.949800000000000111e+01
1.954299999999999926e+01
1.958800000000000097e+01
1.963400000000000034e+01
1.967899999999999849e+01
1.976999999999999957e+01
1.981500000000000128e+01
1.986100000000000065e+01
1.990700000000000003e+01
1.995299999999999940e+01
1.999899999999999878e+01
2.098900000000000077e+01
2.197899999999999920e+01
2.301399999999999935e+01
2.398799999999999955e+01
2.500300000000000011e+01
2.600199999999999889e+01
2.697700000000000031e+01
2.798999999999999844e+01
2.897299999999999898e+01
2.999200000000000088e+01
3.097400000000000020e+01
3.198900000000000077e+01
3.303699999999999903e+01
3.396300000000000097e+01
3.499499999999999744e+01
3.597500000000000142e+01
3.698299999999999699e+01
3.801899999999999835e+01
3.899399999999999977e+01
3.999399999999999977e+01
4.102000000000000313e+01
4.197599999999999909e+01
4.295400000000000063e+01
4.395400000000000063e+01
4.497800000000000153e+01
4.602600000000000335e+01
4.698899999999999721e+01
4.797299999999999898e+01
4.897800000000000153e+01
5.000300000000000011e+01
5.200000000000000000e+01
5.395100000000000051e+01
5.597599999999999909e+01
5.794299999999999784e+01
5.997899999999999920e+01
6.194400000000000261e+01
6.397299999999999898e+01
6.606900000000000261e+01
6.807699999999999818e+01
6.998399999999999466e+01
7.194499999999999318e+01
7.396099999999999852e+01
7.603300000000000125e+01
7.798300000000000409e+01
7.998300000000000409e+01
8.203499999999999659e+01
8.394599999999999795e+01
8.590099999999999625e+01
8.790200000000000102e+01
8.995000000000000284e+01
9.204500000000000171e+01
9.397199999999999420e+01
9.593999999999999773e+01
9.794899999999999807e+01
1.000000000000000000e+02
1.099000000000000057e+02
1.199500000000000028e+02
1.300200000000000102e+02
1.399600000000000080e+02
1.499699999999999989e+02
1.599600000000000080e+02
1.698199999999999932e+02
1.798899999999999864e+02
1.901100000000000136e+02
1.999900000000000091e+02
2.098899999999999864e+02
2.197899999999999920e+02
2.301399999999999864e+02
2.398799999999999955e+02
2.500300000000000011e+02
2.600199999999999818e+02
2.697699999999999818e+02
2.798999999999999773e+02
2.897300000000000182e+02
2.999200000000000159e+02
3.198899999999999864e+02
3.396299999999999955e+02
3.597500000000000000e+02
3.801899999999999977e+02
3.999399999999999977e+02
4.197599999999999909e+02
4.395400000000000205e+02
4.602599999999999909e+02
4.797300000000000182e+02
5.000299999999999727e+02
5.200000000000000000e+02
5.395099999999999909e+02
5.597599999999999909e+02
5.794299999999999500e+02
5.997899999999999636e+02
6.501299999999999955e+02
6.998400000000000318e+02
7.498899999999999864e+02
7.998300000000000409e+02
8.491799999999999500e+02
8.995000000000000000e+02
9.506000000000000227e+02
1.000000000000000000e+03
1.100000000000000000e+03
1.200099999999999909e+03
1.299900000000000091e+03
1.399900000000000091e+03
1.500000000000000000e+03
1.599900000000000091e+03
1.699799999999999955e+03
1.800099999999999909e+03
1.900200000000000045e+03
1.999900000000000091e+03
2.099900000000000091e+03
2.199900000000000091e+03
2.299900000000000091e+03
2.399900000000000091e+03
2.499800000000000182e+03
2.600199999999999818e+03
2.700199999999999818e+03
2.800300000000000182e+03
2.900000000000000000e+03
2.999900000000000091e+03
3.100300000000000182e+03
3.199599999999999909e+03
3.299900000000000091e+03
3.400199999999999818e+03
3.500300000000000182e+03
3.600000000000000000e+03
3.700000000000000000e+03
3.800099999999999909e+03
3.900300000000000182e+03
4.000400000000000091e+03
4.100199999999999818e+03
4.199500000000000000e+03
4.300300000000000182e+03
4.400500000000000000e+03
4.499899999999999636e+03
4.600399999999999636e+03
4.700000000000000000e+03
4.799500000000000000e+03
4.900000000000000000e+03
5.000300000000000182e+03
5.100399999999999636e+03
5.200000000000000000e+03
5.300300000000000182e+03
5.400100000000000364e+03
5.500500000000000000e+03
5.600199999999999818e+03
5.700300000000000182e+03
5.799600000000000364e+03
5.900699999999999818e+03
6.000699999999999818e+03
6.099600000000000364e+03
6.200100000000000364e+03
6.299399999999999636e+03
6.400300000000000182e+03
6.499800000000000182e+03
6.599300000000000182e+03
6.700399999999999636e+03
6.799899999999999636e+03
6.899199999999999818e+03
7.000000000000000000e+03
7.100699999999999818e+03
7.199500000000000000e+03
7.299600000000000364e+03
7.399500000000000000e+03
7.500699999999999818e+03
7.599800000000000182e+03
7.700199999999999818e+03
7.800100000000000364e+03
7.899500000000000000e+03
8.000000000000000000e+03
8.100100000000000364e+03
8.199899999999999636e+03
8.300000000000000000e+03
8.400000000000000000e+03
8.500000000000000000e+03
8.600000000000000000e+03
8.700000000000000000e+03
8.799899999999999636e+03
8.900000000000000000e+03
8.999899999999999636e+03
9.100000000000000000e+03
9.200000000000000000e+03
9.299899999999999636e+03
9.400000000000000000e+03
9.499899999999999636e+03
9.600000000000000000e+03
9.700000000000000000e+03
9.800000000000000000e+03
9.900000000000000000e+03
1.000000000000000000e+04
1.100000000000000000e+04
1.200000000000000000e+04
1.299900000000000000e+04
1.399900000000000000e+04
1.500000000000000000e+04
1.599900000000000000e+04
1.699800000000000000e+04
1.800100000000000000e+04
1.900200000000000000e+04
1.999900000000000000e+04
2.099900000000000000e+04
2.199900000000000000e+04
2.299900000000000000e+04
2.399900000000000000e+04
2.499800000000000000e+04
2.600200000000000000e+04
2.700200000000000000e+04
2.800300000000000000e+04
2.900000000000000000e+04
2.999900000000000000e+04
3.100300000000000000e+04
3.199600000000000000e+04
3.299900000000000000e+04
3.400200000000000000e+04
3.500300000000000000e+04
3.600000000000000000e+04
3.700000000000000000e+04
3.800100000000000000e+04
3.900300000000000000e+04
4.000400000000000000e+04
4.100200000000000000e+04
4.199500000000000000e+04
4.300300000000000000e+04
4.400500000000000000e+04
4.499900000000000000e+04
4.600400000000000000e+04
4.700000000000000000e+04
4.799500000000000000e+04
4.900000000000000000e+04
5.000300000000000000e+04
5.100400000000000000e+04
5.200000000000000000e+04
5.300300000000000000e+04
5.400100000000000000e+04
5.500500000000000000e+04
5.600200000000000000e+04
5.700300000000000000e+04
5.799600000000000000e+04
5.900700000000000000e+04
6.000700000000000000e+04
6.099600000000000000e+04
6.200100000000000000e+04
6.299400000000000000e+04
6.400300000000000000e+04
6.499800000000000000e+04
6.599300000000000000e+04
6.700400000000000000e+04
6.799900000000000000e+04
6.899200000000000000e+04
7.000000000000000000e+04
7.100700000000000000e+04
7.199500000000000000e+04
7.299600000000000000e+04
7.399500000000000000e+04
7.500700000000000000e+04
7.599800000000000000e+04
7.700200000000000000e+04
7.800100000000000000e+04
7.899500000000000000e+04
8.000200000000000000e+04
8.100300000000000000e+04
8.199700000000000000e+04
8.300400000000000000e+04
8.400400000000000000e+04
8.499600000000000000e+04
8.600000000000000000e+04
8.699600000000000000e+04
8.800400000000000000e+04
8.900200000000000000e+04
8.999100000000000000e+04
9.099100000000000000e+04
9.200300000000000000e+04
9.300400000000000000e+04
9.399400000000000000e+04
9.499500000000000000e+04
9.600600000000000000e+04
9.700600000000000000e+04
9.799400000000000000e+04
9.899200000000000000e+04
1.000000000000000000e+05
1.099000000000000000e+05
1.199500000000000000e+05
1.300200000000000000e+05
1.399600000000000000e+05
1.499700000000000000e+05
1.599600000000000000e+05
1.698200000000000000e+05
1.798900000000000000e+05
1.901100000000000000e+05
1.999900000000000000e+05
2.098900000000000000e+05
2.197900000000000000e+05
2.301400000000000000e+05
2.398800000000000000e+05
2.500300000000000000e+05
2.600200000000000000e+05
2.697700000000000000e+05
2.799000000000000000e+05
2.897300000000000000e+05
2.999200000000000000e+05
3.097400000000000000e+05
3.198900000000000000e+05
3.303700000000000000e+05
3.396300000000000000e+05
3.499500000000000000e+05
3.597500000000000000e+05
3.698300000000000000e+05
3.801900000000000000e+05
3.899400000000000000e+05
3.999400000000000000e+05
4.102000000000000000e+05
4.197600000000000000e+05
4.295400000000000000e+05
4.395400000000000000e+05
4.497800000000000000e+05
4.602600000000000000e+05
4.698900000000000000e+05
4.797300000000000000e+05
4.897800000000000000e+05
5.000300000000000000e+05
5.105000000000000000e+05
5.200000000000000000e+05
5.296600000000000000e+05
5.395100000000000000e+05
5.495400000000000000e+05
5.597600000000000000e+05
5.701600000000000000e+05
5.794300000000000000e+05
5.902000000000000000e+05
5.997900000000000000e+05
6.095400000000000000e+05
6.194400000000000000e+05
6.295100000000000000e+05
6.397300000000000000e+05
6.501300000000000000e+05
6.606900000000000000e+05
6.698800000000000000e+05
6.807700000000000000e+05
6.902400000000000000e+05
6.998400000000000000e+05
7.095800000000000000e+05
7.194500000000000000e+05
7.294600000000000000e+05
7.396100000000000000e+05
7.498900000000000000e+05
7.603300000000000000e+05
7.691300000000000000e+05
7.798300000000000000e+05
7.906800000000000000e+05
7.998300000000000000e+05
8.091000000000000000e+05
8.203500000000000000e+05
8.298500000000000000e+05
8.394600000000000000e+05
8.491800000000000000e+05
8.590100000000000000e+05
8.709600000000000000e+05
8.790200000000000000e+05
8.892000000000000000e+05
8.995000000000000000e+05
9.099100000000000000e+05
9.204500000000000000e+05
9.289700000000000000e+05
9.397200000000000000e+05
9.506000000000000000e+05
9.594000000000000000e+05
9.705100000000000000e+05
9.794900000000000000e+05
9.908300000000000000e+05
1.000000000000000000e+06
1.099000000000000000e+06
1.199500000000000000e+06
1.300200000000000000e+06
1.399600000000000000e+06
1.499700000000000000e+06
1.599600000000000000e+06
1.698200000000000000e+06
1.798900000000000000e+06
1.901100000000000000e+06
1.999900000000000000e+06
2.098900000000000000e+06
2.197900000000000000e+06
2.301400000000000000e+06
2.398800000000000000e+06
2.500300000000000000e+06
2.600200000000000000e+06
2.697700000000000000e+06
2.799000000000000000e+06
2.897300000000000000e+06
2.999200000000000000e+06
3.097400000000000000e+06
3.198900000000000000e+06
3.303700000000000000e+06
3.396300000000000000e+06
3.499500000000000000e+06
3.597500000000000000e+06
3.698300000000000000e+06
3.801900000000000000e+06
3.899400000000000000e+06
3.999400000000000000e+06
4.102000000000000000e+06
4.197600000000000000e+06
4.295400000000000000e+06
4.395400000000000000e+06
4.497800000000000000e+06
4.602600000000000000e+06
4.698900000000000000e+06
4.797300000000000000e+06
4.897800000000000000e+06
5.000300000000000000e+06
5.105000000000000000e+06
5.200000000000000000e+06
5.296600000000000000e+06
5.395100000000000000e+06
5.495400000000000000e+06
5.597600000000000000e+06
5.701600000000000000e+06
5.794300000000000000e+06
5.902000000000000000e+06
5.997900000000000000e+06
6.095400000000000000e+06
6.194400000000000000e+06
6.295100000000000000e+06
6.397300000000000000e+06
6.501300000000000000e+06
6.606900000000000000e+06
6.698800000000000000e+06
6.807700000000000000e+06
6.902400000000000000e+06
6.998400000000000000e+06
7.095800000000000000e+06
7.194500000000000000e+06
7.294600000000000000e+06
7.396100000000000000e+06
7.498900000000000000e+06
7.603300000000000000e+06
7.691300000000000000e+06
7.798300000000000000e+06
7.906800000000000000e+06
7.998300000000000000e+06
8.091000000000000000e+06
8.203500000000000000e+06
8.298500000000000000e+06
8.394600000000000000e+06
8.491800000000000000e+06
8.590100000000000000e+06
8.709600000000000000e+06
8.790200000000000000e+06
8.892000000000000000e+06
8.995000000000000000e+06
9.099100000000000000e+06
9.204500000000000000e+06
9.289700000000000000e+06
9.397200000000000000e+06
9.506000000000000000e+06
9.594000000000000000e+06
9.705100000000000000e+06
9.794900000000000000e+06
9.908300000000000000e+06
