0.000000000000000000e+00
0.000000000000000000e+00
0.000000000000000000e+00
0.000000000000000000e+00
0.000000000000000000e+00
0.000000000000000000e+00
0.000000000000000000e+00
0.000000000000000000e+00
0.000000000000000000e+00
8.555001262955386210e-09
1.382394202664727345e-05
1.062730589183047414e-04
2.219355446868576109e-04
2.739181072684004903e-04
2.827171047101728618e-04
3.571743873180821538e-04
3.632183506852015853e-04
1.157753884663503097e-04
3.729309955361510701e-04
4.059200466774257488e-04
5.738909365966850511e-04
5.816127431285319236e-04
4.918247814581030606e-04
6.141878956459816217e-04
6.468798301529811315e-04
6.297174344677022818e-04
6.192042038798500035e-04
7.003833423909505045e-04
6.450128875619642833e-04
7.112390834390757560e-04
6.251274985176970191e-04
6.274552594224025752e-04
6.348592965540977807e-04
6.144310335874146687e-04
6.134393607410359127e-04
6.260063852630627949e-04
6.061893862585172833e-04
5.699672549035483555e-04
5.849441632009570909e-04
4.844195187092397163e-04
5.765580463565388517e-04
5.559114392168061245e-04
5.336409924711907815e-04
5.341264771276843688e-04
5.332690294622916081e-04
4.770291545915410279e-04
5.168947273472738286e-04
5.079834995276289421e-04
4.953386632233938540e-04
3.829281836882395765e-04
4.496878908674045781e-04
3.894860173344701537e-04
2.606474247577372024e-04
3.640157310581591896e-04
4.237103502938103909e-04
4.308635122816181925e-04
2.494646343498665487e-04
3.915058802684669506e-04
3.961892873078537479e-04
3.638710127927235723e-04
3.337640089758911141e-04
2.061972504785056985e-04
2.654253051275993081e-04
2.900581648561800243e-04
3.353355716662024134e-04
3.053700198680487331e-04
3.331141963558236592e-04
3.211887959611485835e-04
3.230589030735311396e-04
2.143214116977297100e-04
2.168100031994072980e-04
1.411394337710934310e-04
1.700692655998738416e-04
1.530772780521680396e-05
1.571074489672675639e-05
2.835163594488096731e-05
7.305824147999637652e-05
1.422709197459463197e-04
1.825286176375226130e-04
2.386149572298786438e-04
2.225363958867070005e-04
2.257720942077461837e-04
2.276102006997784630e-04
2.215554765863387416e-04
2.178259472370538995e-04
2.113777034938290060e-04
2.057819953538106178e-04
1.852470869790102134e-04
1.796794135122041589e-04
1.324493804535103623e-04
9.398356615391389556e-05
2.587084274455432861e-05
4.210660789881080432e-06
9.747585561479990801e-07
6.102343857718706778e-06
2.338150228839638720e-05
6.747159423161255679e-05
7.981155899112178133e-05
9.428799771093134192e-05
1.040054000423689052e-04
9.634721281750133757e-05
1.078648576824051282e-04
1.253125616604650267e-04
1.376756044433668309e-04
1.390881339505358242e-04
1.294470186845916978e-04
1.133200544452510886e-04
1.170049864640345424e-04
1.209130082390213757e-04
1.035411130637866895e-04
7.004310405295134775e-05
5.323601348835437793e-05
5.926951365420877793e-05
2.199064308399394202e-05
5.499322851186802957e-06
9.820335589705316105e-09
1.108066841452909934e-10
2.020846574543220288e-08
5.542946241296251550e-09
7.398656091163221085e-08
1.085750379795468774e-08
3.232735361296259761e-08
2.694770447465384957e-07
9.495627823909429423e-07
1.473990527753735271e-06
3.695765169436130076e-06
3.212855245726888889e-06
3.797975647056687850e-06
5.419800658054469119e-06
1.394722424125230169e-05
1.664562858375131436e-05
3.006009480351181572e-05
4.031524044601209587e-05
4.558624880830049414e-05
5.013118628201337250e-05
5.459053068474847571e-05
5.383350351482487067e-05
5.061935358971816483e-05
5.555957755735635244e-05
5.534937262044282378e-05
5.367021273842613818e-05
5.555103151944509827e-05
5.600908910956214849e-05
5.563758321856748475e-05
5.248925859125619457e-05
5.104471434782235787e-05
4.746733977890689915e-05
5.039114523789552124e-05
4.728623794521320963e-05
4.429073907731480861e-05
4.548059284632769171e-05
3.912992034379768412e-05
3.238836781222373477e-05
3.492272423130146468e-05
2.686320612427133125e-05
2.003940126782740590e-05
1.325044853355846321e-05
1.304888625278946458e-05
6.242003671299174570e-06
3.522003168622760185e-06
8.809197656613287266e-07
1.915098528967797396e-07
3.905311470087163747e-08
6.471160683781863583e-08
1.267430647452342274e-09
3.183301170845505971e-09
1.325125950253454452e-09
6.456243934777307038e-11
7.897325677178392065e-09
3.405790155580202996e-07
1.812186480503648520e-09
3.083085788178060267e-09
3.537015106265222237e-09
2.719078184865880525e-08
3.411170237081273928e-08
4.299615384456861984e-08
2.316791954139657922e-07
7.410097604326847771e-07
1.220349126073948833e-06
1.588445468370205792e-06
4.931642785716883812e-07
8.734254232082198362e-07
2.920660540092214626e-06
4.924794867916831812e-06
5.517358549158850214e-06
3.608203323555949983e-06
4.267800747536705794e-06
6.024550432858090608e-06
7.767105959437737149e-06
8.211417668506691711e-06
9.220887223225332803e-06
9.198654158496728556e-06
1.005123601117989781e-05
1.048348499752805747e-05
1.108410941843448170e-05
9.755935318022675553e-06
9.325000195561936527e-06
1.005594803017847375e-05
9.113877952563826380e-06
9.821767224572194722e-06
8.957602898521224832e-06
9.538961550885183448e-06
9.778239547209839099e-06
9.773103044888812108e-06
8.924304605159168419e-06
8.425750126338065672e-06
8.350989996835298036e-06
7.778179338627270811e-06
7.294620486984602524e-06
5.930750815071403207e-06
6.485859680157488288e-06
5.742707603425014700e-06
4.653851824356715404e-06
4.621628151108260216e-06
3.498815817314767984e-06
3.295850710782150432e-06
2.911251457087446799e-06
1.632218265855743721e-06
1.361788801887854388e-06
1.722046018444183918e-06
1.366545978404405385e-06
7.359411226690227311e-07
1.107599477595854327e-06
5.247821590591637837e-07
8.063793622723074476e-07
3.146726110031669435e-07
5.564863403065206699e-07
1.675071033478456690e-07
1.011926745406858466e-07
5.841799560428500003e-08
4.125384341989307804e-08
2.894155799499762863e-08
2.824042716670753605e-08
2.986318995516844049e-08
3.184664067859479931e-08
3.318168410208137749e-08
3.697048618601063444e-08
3.918500036689520944e-08
4.111502681623422338e-08
4.417579081396307092e-08
4.584098539845979497e-08
4.821349539894983012e-08
5.057439758512240340e-08
5.089276789506209733e-08
5.343277103169045647e-08
5.797797909231096218e-08
6.309741474429598236e-08
6.667915321054852506e-08
6.881969846466416276e-08
7.194513175714929043e-08
7.505846143707322359e-08
7.821467091487803303e-08
8.124422892135602791e-08
8.535193670438811398e-08
9.040038213645033561e-08
9.370205735485064516e-08
1.000486157221746042e-07
1.033499806254272932e-07
1.081164396563047827e-07
1.097054831262638468e-07
1.188866285133461027e-07
1.192303255774776065e-07
1.222961322236787708e-07
1.292613791766435664e-07
1.279038916048528935e-07
1.382397531844706235e-07
1.388776231775222141e-07
1.416596026156076359e-07
1.477365507403327662e-07
1.450054148304625079e-07
1.628004434749229239e-07
1.615549397127862291e-07
1.649076843564679414e-07
1.683134059105638261e-07
1.819638642123735901e-07
1.828033911007121791e-07
1.876548777284957146e-07
2.057705259002909321e-07
2.017917239456790783e-07
2.085781345572812531e-07
2.218925088073841580e-07
2.289413246671124513e-07
2.364549157422419136e-07
2.516241024753453376e-07
2.571383206206452658e-07
2.733646124298554119e-07
2.690061449866080287e-07
2.814914179470390235e-07
2.945898462122547735e-07
3.040015464312405329e-07
3.170338740228167363e-07
3.216592335464955528e-07
3.297981588712415098e-07
3.414199375314420558e-07
3.514283948465928758e-07
3.600073528737292373e-07
3.640904221745771651e-07
3.727917002392932307e-07
3.924377344609404782e-07
4.262544240998485111e-07
4.572907035009892797e-07
4.686134285819184172e-07
4.742376821007562622e-07
4.814724923086888985e-07
4.870380828078932783e-07
5.041274025279779244e-07
5.233290830630060930e-07
5.331571389276969390e-07
5.428594284659390813e-07
5.877693461639185422e-07
5.761661839074120245e-07
6.294514035160463219e-07
6.233680792690370094e-07
6.276011771232486569e-07
6.479861412629480360e-07
6.659473017125373576e-07
6.782176596688463575e-07
6.933283559689199729e-07
7.094690951880231681e-07
7.183408785267138005e-07
7.544177350444651974e-07
7.588631866744292553e-07
7.735250554293398523e-07
7.983914718805995197e-07
8.212251848696948397e-07
8.438481901815547107e-07
8.580843730509088498e-07
8.852667444926963872e-07
9.102866680638216202e-07
9.339166772505985129e-07
9.592211027794102404e-07
9.879056227995346854e-07
1.015617786209422756e-06
1.045615792464485443e-06
1.075554734045188400e-06
1.104312576684173122e-06
1.131727726591200721e-06
1.161410565852552538e-06
1.193730472846825743e-06
1.225324093640421270e-06
1.255117881209089257e-06
1.288086584144338899e-06
1.322443383852396960e-06
1.356935611775043604e-06
1.391547976105351953e-06
1.427147113098265960e-06
1.463974660081884861e-06
1.500618933261132681e-06
1.537246876384289823e-06
1.575371651912848212e-06
1.610272091102138774e-06
1.645508463343503047e-06
1.682051808561082722e-06
1.717674610989261315e-06
1.755414887971719439e-06
1.793722770732333556e-06
1.830665885428776253e-06
1.868187137678999179e-06
1.906090243029077501e-06
1.944370030884878263e-06
1.984192919723541720e-06
2.024676263379858958e-06
2.065381542901888830e-06
2.102865423343757578e-06
2.141886592994876457e-06
2.181663692489036816e-06
2.220350659070771093e-06
2.259999961285207566e-06
2.300658400192814056e-06
2.344138038599821142e-06
2.385964501427649975e-06
2.427288596907812817e-06
2.472272221155649880e-06
2.517429493189064501e-06
2.562695657880316115e-06
2.606967680758747820e-06
2.651797207761987764e-06
2.697284251936011785e-06
2.743320018959615103e-06
2.789754798429839671e-06
2.836964491946217275e-06
2.884886943353323140e-06
2.933198552315451132e-06
2.982372883178934035e-06
3.032162887018800854e-06
3.082681637668444867e-06
3.134240070499473599e-06
3.186208104321219298e-06
3.239076023851618350e-06
3.292300688839844782e-06
3.345881622194012528e-06
3.400028161568074966e-06
3.454373842037202635e-06
3.509238190795408878e-06
3.564832587820459294e-06
3.621437010754925699e-06
3.683297531486003362e-06
3.747434479112145185e-06
3.952288274063207155e-06
4.178426982295719033e-06
4.463189891668774612e-06
4.688179583227726938e-06
4.838772086933135448e-06
4.941672853938835375e-06
5.020562378850409594e-06
5.095112118415267910e-06
5.169960169114940132e-06
5.259988737594228073e-06
5.343393914519663291e-06
5.404936204360536349e-06
5.465400826987097087e-06
5.524183292167327483e-06
5.577585181956113109e-06
5.626264080339626291e-06
5.662282525832166683e-06
5.691734616666805792e-06
5.688602874818066214e-06
5.675632756594901043e-06
5.714015838628640655e-06
5.760679484290834135e-06
5.769918358874478839e-06
5.776659574676800709e-06
5.844160003065138269e-06
5.910682873137477713e-06
5.948103719775746128e-06
5.986234142970454899e-06
6.034830820372658714e-06
6.080820534201840781e-06
6.092422028536011946e-06
6.108507148957191416e-06
6.195428084439531142e-06
6.281969008270758711e-06
6.356402246749138520e-06
6.430835485227518329e-06
6.478174449542744022e-06
6.525042849983613728e-06
6.607460181018956732e-06
6.693104843086311192e-06
6.737069822499753943e-06
6.772600615242731238e-06
6.853737457143915080e-06
6.951960830059436403e-06
7.032959776627952992e-06
7.102655117326626403e-06
7.188186162562744597e-06
7.292278608907762617e-06
7.403681827641586148e-06
7.532389615194723768e-06
7.652753691950983016e-06
7.707855320118887061e-06
7.762956948286791107e-06
7.876927025135348255e-06
7.996779071499377832e-06
8.068271971859287370e-06
8.117435784805353619e-06
8.225668787665989221e-06
8.409713085286836759e-06
8.566381306926113215e-06
8.589685005907293230e-06
8.612988704888474938e-06
8.737327724063034031e-06
8.875322446635365204e-06
9.036049815732760939e-06
9.213962027244048617e-06
9.335116323005128591e-06
9.272181580250324093e-06
9.209246837495519596e-06
9.418370504557439210e-06
9.664904493023110117e-06
9.773438939639305954e-06
9.743709604019529287e-06
9.731672298281770196e-06
9.885200176637592648e-06
1.003872805499341510e-05
1.025763542554767956e-05
1.050876957532335518e-05
1.070489815901964903e-05
1.070489815901964903e-05
1.070489815901964903e-05
1.070489815901964903e-05
