0.000000000000000000e+00
0.000000000000000000e+00
0.000000000000000000e+00
0.000000000000000000e+00
0.000000000000000000e+00
0.000000000000000000e+00
0.000000000000000000e+00
0.000000000000000000e+00
0.000000000000000000e+00
1.422069528800307125e-08
2.111976027663331479e-05
1.585251739015802741e-04
3.342663549119606614e-04
4.216871020616963506e-04
4.431902925716713071e-04
5.775234603788703680e-04
5.963013391010463238e-04
1.942923266925377843e-04
6.293401690028379170e-04
6.910309712737098186e-04
9.906983786816588727e-04
1.023279248029555430e-03
8.660257468609942498e-04
1.099942344389772579e-03
1.167782231681148896e-03
1.149540987855701430e-03
1.135920996151636988e-03
1.289262852657833665e-03
1.207784050881666226e-03
1.329062091305281690e-03
1.175057041589039038e-03
1.180101235120220625e-03
1.202608331011514615e-03
1.169577759684450099e-03
1.175098217682544587e-03
1.198123964966196948e-03
1.163267006275062665e-03
1.107751008087678015e-03
1.135506731359410635e-03
9.899883366996304387e-04
1.123639704272820028e-03
1.083309148136459010e-03
1.055449915002098582e-03
1.061669665920201688e-03
1.049661168312981301e-03
9.610342362799377145e-04
1.024684271137252722e-03
1.004777838953925962e-03
9.888054304242317825e-04
8.023028868566349676e-04
9.147322126303033618e-04
8.115378947031598456e-04
5.977641566391197299e-04
7.706043053041369351e-04
8.549439228366636839e-04
8.667267548791919877e-04
5.266044003069135547e-04
7.875411246557782134e-04
8.073258936390607671e-04
7.528877083255572150e-04
6.962559444515205786e-04
4.843075131462819326e-04
5.872628808934449553e-04
6.248887006807754291e-04
6.925657726524509384e-04
6.236152836808470405e-04
6.867405481429019734e-04
6.622852682297327830e-04
6.632527662386043842e-04
4.867101768809618161e-04
4.868027378873063704e-04
3.466320780930122383e-04
4.040146689466451047e-04
4.930431059602693290e-05
5.088293027495939254e-05
8.572057093134123845e-05
2.019996485736095745e-04
3.411145962567857536e-04
4.215053667633345707e-04
5.112389286991149114e-04
4.783603131229609848e-04
4.868560051012946872e-04
4.838114115159061019e-04
4.711494811424179791e-04
4.600826100608673328e-04
4.499917594022476912e-04
4.372632951106539224e-04
4.042857909226657900e-04
3.950452229058366480e-04
3.118976944475929623e-04
2.387518496114371305e-04
7.840430947443692523e-05
1.524240622292484465e-05
3.731039878579475109e-06
2.179167968148078730e-05
7.300151151532375138e-05
1.871165316392662224e-04
2.082839188323518630e-04
2.420843512054440621e-04
2.588812033245651689e-04
2.442405904014847604e-04
2.658468596177020822e-04
2.975023495999656745e-04
3.164089442002961930e-04
3.141312477272946695e-04
2.986185524017692444e-04
2.578046098782256533e-04
2.724783085418771493e-04
2.801831135679663212e-04
2.514827475246534261e-04
1.862099701134650699e-04
1.473747184911158620e-04
1.636697954611534027e-04
7.086596149790968548e-05
2.139680052195397884e-05
4.633017703398404590e-08
4.927147350856733162e-10
1.011215649796071069e-07
2.816535398614859736e-08
4.040286845184176640e-07
6.932124743004440945e-08
2.347934343683572807e-07
2.261067639339489821e-06
7.808818953467932473e-06
1.164885301480017889e-05
2.943701857094816761e-05
2.438208001315024767e-05
2.695623375263099463e-05
3.630593552730828250e-05
7.744999740642948525e-05
8.449803553387890233e-05
1.348981361814847579e-04
1.634603618892979714e-04
1.756491024219388212e-04
1.834094146300928384e-04
1.844917202796145499e-04
1.820663471152009368e-04
1.648247817894681164e-04
1.756031799514256469e-04
1.738678221038895695e-04
1.626055716941869915e-04
1.646943184413033343e-04
1.670658472997356230e-04
1.626923170262787710e-04
1.521774114844066917e-04
1.504327440449483599e-04
1.385278801230157512e-04
1.455425349702357775e-04
1.406924472186356465e-04
1.336631492800632566e-04
1.342385240615845041e-04
1.218752016122128266e-04
1.054135984197463209e-04
1.110135716932949607e-04
9.107104026549748871e-05
7.272536532801118889e-05
5.120590962544885219e-05
5.201763089563037523e-05
2.822536169320429233e-05
1.654238763068035002e-05
4.504655555142328714e-06
1.086028576542079236e-06
2.264355189856589438e-07
3.692823284400676128e-07
8.035332035529622933e-09
2.288975140430733987e-08
1.052545350316570019e-08
7.785628694977991210e-10
1.237243501926777633e-07
6.923378011656874505e-06
4.483425230369045870e-08
1.327941212149636808e-07
1.562630354673960317e-07
1.296283254677259602e-06
1.573480647265245452e-06
1.809100196427147323e-06
8.073956367184368494e-06
2.229437737465248624e-05
3.238599108085151742e-05
3.454813067885112427e-05
8.807192984230506567e-06
1.299572337170587333e-05
3.824541461608864482e-05
5.696507272118129801e-05
5.704205031402300173e-05
3.482673994371993857e-05
3.777808763629947916e-05
4.775980543895735236e-05
5.580512079289039131e-05
5.743909766918680151e-05
6.055060872397596459e-05
5.742054347517279943e-05
5.915226982540646274e-05
6.108967467836841402e-05
6.149737993796033594e-05
5.399797186934412817e-05
5.059956379050657753e-05
5.381397799594356252e-05
4.850093296367356094e-05
5.104028751740556722e-05
4.702825280551189399e-05
4.984355860636060050e-05
5.049207265230059514e-05
5.026649126608519463e-05
4.807715558385462464e-05
4.625186942231058194e-05
4.676455087170564755e-05
4.441766566052879198e-05
4.415637138540838368e-05
3.750104111529247109e-05
4.112881638836964998e-05
3.792950071934194777e-05
3.396941204133167727e-05
3.506099663598973937e-05
2.875266339925073691e-05
2.829337066771277952e-05
2.725294505358063542e-05
1.669149621018362637e-05
1.520524991089568622e-05
2.027297581749864191e-05
1.742403526700070948e-05
1.033918826903050647e-05
1.663777174181000073e-05
8.246667106663504694e-06
1.433906033848329877e-05
6.400619965692657456e-06
1.243151600950396031e-05
4.051497656273038585e-06
2.405453110897317947e-06
1.175799430462836673e-06
6.105255936524105076e-07
1.468397600207599698e-07
7.881988303553092726e-08
2.243236913370064394e-08
2.393880970357682893e-08
2.500399319061054837e-08
2.774344514488979510e-08
2.939765682703810832e-08
3.085236550721061244e-08
3.311167288274333383e-08
3.438851668888056263e-08
3.616997670551766177e-08
3.794420510978122846e-08
3.816158481039492186e-08
4.006532355876883729e-08
4.351224584857294726e-08
4.728367375207648421e-08
4.994551977626407729e-08
5.158968496305612488e-08
5.394323999641175578e-08
5.628560006737668334e-08
5.866432777722860151e-08
6.088066215060978267e-08
6.402696389162792794e-08
6.778275810180489108e-08
7.025907278602880437e-08
7.499666463986134612e-08
7.750706327187058751e-08
8.107505590834940163e-08
8.217029095667506948e-08
8.913317821547585645e-08
8.938883218421229520e-08
9.170736673087910026e-08
9.696079806693725408e-08
9.798263621204788345e-08
1.081963989912589670e-07
1.144699859592683900e-07
1.780567391016450889e-07
1.402903589157213595e-07
1.092213996416787486e-06
2.048240393565453810e-07
3.453070277102512892e-07
8.078519519369631839e-07
1.163758240242855471e-06
3.367420044317174466e-07
1.044259300703402904e-06
2.468170839005367784e-06
3.862522391155846106e-07
2.037626989996848669e-06
2.093074206114815473e-06
8.808574635322125817e-07
9.666446710700124964e-07
1.052950711215265324e-06
4.552052374038273432e-07
7.819152446618110970e-07
5.125695087036201101e-07
1.626730909533461798e-06
1.227416811000758718e-06
8.507448935048143464e-07
9.718255525041801615e-07
7.013305793983567662e-07
1.457456293888676027e-06
1.746334218211146198e-06
1.669867750725779970e-06
1.880681320186183401e-06
2.622202873065945546e-06
4.767666638192996036e-06
5.225091479703224821e-06
3.131043206866629472e-06
1.076985330644215948e-06
3.778872162288050034e-07
4.179616305450258400e-07
5.088247434537800866e-07
7.575195434664777791e-07
1.117340441404363507e-06
1.043797692292686896e-06
8.695620094396249699e-07
1.263007845484014528e-06
1.995934499922919603e-06
6.023007980332700476e-07
1.946047019006436681e-06
7.128991519738678479e-07
1.364795730637817306e-06
2.064769396472084984e-06
1.919326954515527264e-06
1.848034159991834776e-06
2.332485217718168912e-06
2.761890022985714466e-06
3.016841279053158505e-06
4.528409418192969976e-06
2.819282025642511089e-06
5.107362386961027635e-06
5.888712773096093037e-06
5.503865216141193583e-06
5.647133556847243719e-06
5.746182129915937391e-06
7.544229454616727259e-06
7.009300418386982664e-06
7.010355683992048488e-06
7.401385379714731897e-06
7.586087855128295612e-06
7.208592385479166234e-06
6.849972651668275599e-06
6.051975478458259244e-06
5.633869896101917998e-06
5.732533460188764256e-06
5.931647720074147975e-06
5.902349446447325952e-06
5.734181288553175168e-06
5.837961520650600939e-06
6.323401341816809102e-06
6.520593356710324287e-06
6.254081482361336134e-06
6.687919956895567009e-06
7.499933096361329603e-06
6.929346939265404222e-06
4.934239414298176088e-06
4.259379455596854087e-06
5.083803776120776384e-06
6.456722838244167829e-06
6.429609429322369338e-06
6.279697537241537429e-06
6.349880037838390116e-06
5.906923637049680409e-06
5.855288292945807962e-06
5.927551460649569561e-06
5.800529721295616525e-06
5.803529706154565276e-06
5.779027111952583254e-06
5.686977122649856967e-06
5.478651583270776923e-06
5.777385989657685345e-06
6.378124928373947870e-06
5.757008132745911996e-06
5.649723814760307442e-06
5.782537089949914712e-06
5.475105593583011677e-06
5.228407930833203823e-06
5.102617119395119713e-06
5.481623206709456866e-06
5.542534629719856056e-06
5.436327199864784249e-06
5.458741465996604457e-06
5.591446556615675485e-06
5.806306224803771929e-06
5.991114490170659304e-06
6.076502691293647573e-06
6.044635438237967682e-06
6.035680620484472437e-06
6.005481520612648152e-06
5.917836908058692565e-06
5.811560537664949527e-06
5.692611358128295257e-06
5.523806287148341720e-06
5.451936132515176072e-06
5.494803856192948925e-06
5.449563702955482100e-06
5.383896140650606221e-06
5.313559893278282012e-06
5.297360928287787941e-06
5.335226845435215739e-06
5.351484987313297362e-06
5.356278734780066533e-06
5.314774278649565425e-06
5.272310099018825104e-06
5.228518136493253263e-06
4.989404997139303308e-06
4.665697849585128026e-06
3.611180767977610326e-06
2.838878542652544361e-06
3.231246816513025063e-06
3.500993423875821043e-06
3.618118046159701029e-06
3.696615214850440375e-06
3.755664713905148829e-06
3.811426224692304901e-06
3.867409455729561880e-06
3.934825369647577037e-06
3.997249295450386284e-06
4.043195368237433314e-06
4.088239419924446719e-06
4.131875484535284795e-06
4.170934605898572588e-06
4.205976152551364176e-06
4.228430550796494835e-06
4.244356613816327605e-06
4.213803266888468094e-06
4.169215907044750480e-06
4.172630141374691421e-06
4.183784501983689929e-06
4.107418423035900929e-06
4.025211394682022939e-06
4.051053517263934514e-06
4.073765683860981032e-06
4.010288831777869525e-06
3.947155254471520138e-06
3.889084980122397849e-06
3.819834062267235021e-06
3.603100292346126955e-06
3.402804288892329881e-06
3.462204915554739461e-06
3.520556064102787537e-06
3.545469420003723779e-06
3.570382775904659597e-06
3.478341450871769720e-06
3.384268897858651359e-06
3.509428817400695338e-06
3.654491888741399597e-06
3.650059788058312111e-06
3.615376252937689165e-06
3.697715965882813711e-06
3.823899015279593144e-06
3.860027010005153172e-06
3.837055977333049908e-06
3.863782558066814602e-06
3.948760878367973094e-06
4.054361932931388181e-06
4.208776916489512154e-06
4.319578782299232613e-06
4.089249594537704849e-06
3.858920406776176237e-06
4.036972130166611349e-06
4.255828123483145509e-06
4.177009200569556292e-06
3.960743490964473261e-06
4.057691304012705420e-06
4.556627407794166786e-06
4.919721148265152381e-06
4.621049047939800877e-06
4.322376947614449373e-06
4.491104317097809824e-06
4.723004332699050757e-06
5.080821378343044915e-06
5.533825947187389585e-06
5.680564307250225913e-06
4.833956608718792099e-06
3.987348910187358285e-06
4.688076504884880450e-06
5.601575727109222795e-06
5.750143094486012316e-06
5.132313921797735596e-06
4.610015767626413085e-06
4.981713993343835585e-06
5.353412219061258085e-06
5.943743155505848395e-06
6.641842259953301453e-06
7.187037681433139369e-06
7.187037681433139369e-06
7.187037681433139369e-06
7.187037681433139369e-06
