8.321358486259300413e-02
8.099537376371820918e-02
7.922172077661783496e-02
7.777696594334898572e-02
7.657890735647250591e-02
7.556434558488044073e-02
7.469196611406762887e-02
7.393555913521582257e-02
7.327164274175664016e-02
7.268406213341895017e-02
7.216236840069349678e-02
7.169308904817420225e-02
7.126849346510533145e-02
7.087840679169778169e-02
7.052887032404474288e-02
7.020902565723770306e-02
6.991485818637332983e-02
6.964353549376521568e-02
6.939245775090160939e-02
6.915901726714185349e-02
6.894152714770553081e-02
6.873794986691082742e-02
6.854769091123248670e-02
6.836867330325066550e-02
6.820037110196602859e-02
6.804117338105668267e-02
6.789081198534904771e-02
6.774834264077189694e-02
6.761286475794717199e-02
6.748413186862264879e-02
6.736126901682444601e-02
6.724420668082788100e-02
6.713208870156997521e-02
6.702479756222860796e-02
6.692164387706707462e-02
6.682268804444972676e-02
6.672760432091293104e-02
6.663578333967132283e-02
6.654732075658821577e-02
6.646206951531202778e-02
6.637969760388660878e-02
6.629986662463237257e-02
6.622206148936979342e-02
6.614706556400498649e-02
6.607514429469411865e-02
6.600683252418154678e-02
6.594155620836965326e-02
6.587961505527925588e-02
6.582001827201557076e-02
6.576336484582195885e-02
6.570849475600970546e-02
6.565619999609756396e-02
6.560587735303045898e-02
6.555699040416990142e-02
6.551011555437931400e-02
6.546493195207486737e-02
6.542095614240997503e-02
6.537796226373848718e-02
6.533673823443753026e-02
6.529624859401612913e-02
6.525702152138442014e-02
6.521836687946429290e-02
6.518103093851262964e-02
6.514428963013087215e-02
6.510814250513115298e-02
6.507319754312804183e-02
6.503835303902381904e-02
6.500436130130841927e-02
6.497095562115212664e-02
6.493769908154260750e-02
6.490518145781971893e-02
6.487302825657040306e-02
6.484108023783602404e-02
6.480958062018533916e-02
6.477848235752868555e-02
6.474777300749928743e-02
6.471713862428718489e-02
6.468711912387294094e-02
6.465696298358598881e-02
6.462706955297863043e-02
6.459740687449130880e-02
6.456752974780553822e-02
6.453783538954246946e-02
6.450840990271806963e-02
6.447896259368492144e-02
6.444973212981838784e-02
6.442052907867759637e-02
6.439096478923039824e-02
6.436165738507809708e-02
6.433243102375867106e-02
6.430314598251803127e-02
6.427363809805308748e-02
6.424407791104966292e-02
6.421455093685710103e-02
6.418514274469473702e-02
6.415597830742689189e-02
6.412669857865202494e-02
6.409722364964118291e-02
6.406752034829316100e-02
6.403774489978256157e-02
6.400788402741787453e-02
6.397783632767327366e-02
6.394767861371697393e-02
6.391716837863978262e-02
6.388642843129928306e-02
6.385540612032751528e-02
6.382417188382477624e-02
6.379275583051009779e-02
6.376080042418390270e-02
6.372868600959329111e-02
6.369628520977084485e-02
6.366340176504654835e-02
6.363018153052260595e-02
6.359632411042862032e-02
6.356227482363803472e-02
6.352774847223335852e-02
6.349246199159655490e-02
6.345624496678471671e-02
6.341916495982938273e-02
6.338098906232057794e-02
6.334529834940787196e-02
6.331686114564560874e-02
6.329263792550236800e-02
6.326830418805448608e-02
6.324251823037541076e-02
6.321589455103923672e-02
6.318872009407401624e-02
6.315981661545382042e-02
6.312858395052500793e-02
6.309481363876659477e-02
6.305867815871575577e-02
6.302100819051260905e-02
6.298283460521435229e-02
6.294454213737661619e-02
6.290572878338190899e-02
6.286648655764474902e-02
6.282663491394305244e-02
6.278616178247510560e-02
6.274547915834566281e-02
6.270428919988990657e-02
6.266241363743021986e-02
6.261998035444697741e-02
6.257732504531327011e-02
6.253403921605783788e-02
6.249035206647307605e-02
6.244568320696870095e-02
6.239860142063798076e-02
6.234955708296962412e-02
6.229965143631299024e-02
6.224942042117048713e-02
6.219847455327442987e-02
6.214696124495482782e-02
6.209475454446075626e-02
6.204161850050542854e-02
6.198805150224495630e-02
6.193339345869368351e-02
6.187805137158749330e-02
6.182152322477867112e-02
6.176456172257923510e-02
6.170687130051884933e-02
6.164679847547871461e-02
6.158470917124637956e-02
6.151952954440000759e-02
6.144978416716331132e-02
6.137518444604039142e-02
6.129374562351053851e-02
6.121199737229640614e-02
6.113855460058364999e-02
6.107662098504763187e-02
6.101183509514864628e-02
6.095591040764873625e-02
6.093756577657318679e-02
6.092913966403105952e-02
6.091465400218814413e-02
6.089610000861104405e-02
6.087046300775768304e-02
6.083091071837375824e-02
6.078013569323510029e-02
6.072634696162652196e-02
6.066599889963689152e-02
6.059613821173051584e-02
6.052175038219992365e-02
6.044319961385358903e-02
6.036348326739976455e-02
6.028415439350112703e-02
6.020350926539552033e-02
6.011937089765100745e-02
6.003380671774569133e-02
5.994592613979418672e-02
5.985551895718056042e-02
5.976413332483942326e-02
5.967194317156006289e-02
5.957693298770327245e-02
5.948051273431319286e-02
5.938167351788581350e-02
5.928086431875791845e-02
5.917848194130391482e-02
5.907359759175311725e-02
5.896667397416353179e-02
5.885702849468962827e-02
5.874428679459734598e-02
5.862924536030663519e-02
5.851094842531243123e-02
5.838992096268545706e-02
5.826674264186815916e-02
5.814011753515847120e-02
5.801063040158644518e-02
5.787763848666931110e-02
5.774132824288014110e-02
5.760143838301830937e-02
5.745641426382361305e-02
5.730771458716372307e-02
5.715308553598027336e-02
5.699475993225831122e-02
5.683258393860944613e-02
5.666562164131415391e-02
5.649321605354732517e-02
5.631422560373644526e-02
5.612866954074734877e-02
5.593846860167891316e-02
5.574206119871885634e-02
5.553831768443822509e-02
5.532575895725047599e-02
5.510507325363354914e-02
5.488072311014494109e-02
5.464820607144974668e-02
5.440336341198918901e-02
5.415004800497283388e-02
5.389520853031969788e-02
5.362709640812048095e-02
5.334331321145698024e-02
5.304643568468581094e-02
5.272457577577140120e-02
5.238227618281395687e-02
5.201649176726733104e-02
5.162690134362350053e-02
5.121707499829296351e-02
5.077491572324351055e-02
5.029615960660394069e-02
4.977286203721212332e-02
4.919234317364647169e-02
4.853662772531264907e-02
4.782122181014149959e-02
4.712817070970536093e-02
4.632409703012788094e-02
4.539622641058658342e-02
4.436546629021846655e-02
4.324594101759826614e-02
4.223106968197569422e-02
4.107397236990691092e-02
3.965505351746081292e-02
3.775917158769302034e-02
3.641682431648577550e-02
3.639657202381037931e-02
3.673266289004795820e-02
3.948112248543748926e-02
4.410811436659071300e-02
4.732400395961335743e-02
5.174598635609289204e-02
5.887010105268739024e-02
6.421933133916959968e-02
7.056962635774054193e-02
8.119358106001015041e-02
9.244595824698714770e-02
9.957480259868459194e-02
1.062789595636662171e-01
1.148890258100105644e-01
1.201215192198978321e-01
1.232269987543705980e-01
1.289012564164194463e-01
1.296693653727629403e-01
1.302523975173323356e-01
1.301077433568345598e-01
1.301967887962778014e-01
1.282903347871290622e-01
1.263913946803837673e-01
1.238492768879953521e-01
1.223498188491158184e-01
1.201499777452643691e-01
1.198148053026454329e-01
1.183983918604393643e-01
1.161313703408278081e-01
1.138643488212162380e-01
1.115973273016047790e-01
1.093303057819932228e-01
1.074851588191246127e-01
1.058123268160524183e-01
1.041394948129800019e-01
1.024666628099077242e-01
1.007938308068353772e-01
9.927551826693888082e-02
9.780600134699257708e-02
9.633648442704632886e-02
9.486696750710008064e-02
9.339745058715384629e-02
9.231760697751507927e-02
9.138188911278460891e-02
9.044617124805419406e-02
8.951045338332372370e-02
8.857473551859329497e-02
8.783064529916606578e-02
8.720907111526063349e-02
8.658749693135510406e-02
8.596592274744964401e-02
8.534434856354419785e-02
8.474131022153152948e-02
8.416494540809622837e-02
8.358858059466101054e-02
8.301221578122570943e-02
8.243585096779046384e-02
8.186517398231246689e-02
8.133256169162522697e-02
8.079994940093791767e-02
8.026733711025067775e-02
7.973472481956339619e-02
7.926907326586767055e-02
7.886280198837197775e-02
7.845653071087625718e-02
7.805025943338056438e-02
7.764398815588485769e-02
7.730733799290369357e-02
7.698109098496494496e-02
7.665484397702621022e-02
7.632859696908743385e-02
7.600234996114868524e-02
7.568909233390595792e-02
7.539892693901167897e-02
7.510876154411738614e-02
7.481859614922310719e-02
7.452843075432881437e-02
7.425577435973837459e-02
7.399744351085106586e-02
7.373911266196377101e-02
7.348078181307644841e-02
7.322245096418916743e-02
7.298602240822239795e-02
7.275943401284315493e-02
7.253284561746391190e-02
7.230625722208466888e-02
7.207966882670541198e-02
7.187569935933818543e-02
7.167926953464162643e-02
7.148283970994505354e-02
7.128640988524850841e-02
7.108998006055194940e-02
7.091183880824390717e-02
7.073979374673204645e-02
7.056774868522015798e-02
7.039570362370829726e-02
7.022365856219640878e-02
7.006411212188545790e-02
6.991072171888243481e-02
6.975733131587938396e-02
6.960394091287636087e-02
6.945055050987331002e-02
6.930691594594086402e-02
6.917193278646725785e-02
6.903694962699363780e-02
6.890196646752001775e-02
6.876698330804639769e-02
6.863585157919302460e-02
6.851329238946220201e-02
6.839073319973135168e-02
6.826817401000051522e-02
6.814561482026967876e-02
6.803333851881514238e-02
6.792207920631100626e-02
6.781081989380688402e-02
6.769956058130276177e-02
6.758830126879861178e-02
6.748219086233438191e-02
6.738012602490148217e-02
6.727806118746859632e-02
6.717599635003571046e-02
6.707393151260281072e-02
6.697290250406669199e-02
6.687880558122440144e-02
6.678470865838211090e-02
6.669061173553982036e-02
6.659651481269751594e-02
6.650690621027574578e-02
6.642082414532725354e-02
6.633474208037876130e-02
6.624866001543026905e-02
6.616257795048177681e-02
6.608053323262549905e-02
6.599883958842941989e-02
6.591714594423332685e-02
6.583545230003724769e-02
6.575375865584116852e-02
6.567332650564770835e-02
6.559583784146040542e-02
6.551834917727310248e-02
6.544086051308579954e-02
6.536337184889849661e-02
6.528909092501010425e-02
6.521743451591174856e-02
6.514577810681339287e-02
6.507412169771503718e-02
6.500246528861668149e-02
6.493323283558179171e-02
6.486485204278544248e-02
6.479647124998907937e-02
6.472809045719271626e-02
6.465970966439635315e-02
6.459580138564352536e-02
6.453250299516936905e-02
6.446920460469519887e-02
6.440590621422102868e-02
6.434260782374685850e-02
6.428365251051992857e-02
6.422487815884495022e-02
6.416610380716998574e-02
6.410732945549502126e-02
6.404855510382004291e-02
6.399513599228974503e-02
6.394177097409424471e-02
6.388840595589874438e-02
6.383504093770323018e-02
6.378167591950772985e-02
6.373516249039097581e-02
6.368893454415250344e-02
6.364270659791403106e-02
6.359647865167557257e-02
6.355025070543710020e-02
6.350966752519307534e-02
6.346992781572984021e-02
6.343018810626659121e-02
6.339044839680335608e-02
6.335070868734010707e-02
6.331533376163313298e-02
6.328165625183136689e-02
6.324797874202960080e-02
6.321430123222783470e-02
6.318062372242606861e-02
6.315452208596966654e-02
6.313569922978627680e-02
6.311687637360287317e-02
6.309805351741948343e-02
6.307923066123607980e-02
6.306320017114311338e-02
6.305601217366982314e-02
6.304882417619653290e-02
6.304163617872324266e-02
6.303444818124996629e-02
6.303034825371688077e-02
6.302631134801932322e-02
6.302227444232176568e-02
6.301823753662420813e-02
6.301420063092663670e-02
6.300716569175533743e-02
6.299821397708442461e-02
6.298926226241349791e-02
6.298031054774258508e-02
6.297135883307167226e-02
6.296094684513864337e-02
6.294286842257951209e-02
6.292479000002036693e-02
6.290671157746123565e-02
6.288863315490210437e-02
6.286201666564786295e-02
6.283284984478340607e-02
6.280368302391894919e-02
6.277451620305449231e-02
6.274534938219002156e-02
6.271475487397502879e-02
6.267878954191757890e-02
6.264282420986011513e-02
6.260685887780265135e-02
6.257089354574518758e-02
6.253030644025067697e-02
6.248792197841952778e-02
6.244553751658838553e-02
6.240315305475723634e-02
6.236076859292608715e-02
6.232050335418649889e-02
6.232050335418649889e-02
6.232050335418649889e-02
6.232050335418649889e-02
6.232050335418649889e-02
