5.356782686592239662e-01
5.256147276068567908e-01
5.159259153936508469e-01
5.093273359865501115e-01
5.028211887268929647e-01
4.995427098587582604e-01
4.959172288077215440e-01
4.896518869448713285e-01
4.864157917429746125e-01
4.831615702120072298e-01
4.827555388026569805e-01
4.795323513108237790e-01
4.764710768918438699e-01
4.732884389872034081e-01
4.731474793301636006e-01
4.699937085574634188e-01
4.698751690497866007e-01
4.667417459896082144e-01
4.666405461191432957e-01
4.665467233176975870e-01
4.634356936799112758e-01
4.633537540069229688e-01
4.630439132263576840e-01
4.601828592021956488e-01
4.601151243861202889e-01
4.600511813696614438e-01
4.569695794291464552e-01
4.569121874417450546e-01
4.568577057415260656e-01
4.568060217155427427e-01
4.565809461171927430e-01
4.536897248035950403e-01
4.536446143541341125e-01
4.536015057016575258e-01
4.535601140265994036e-01
4.535204571903543869e-01
4.534477008717670565e-01
4.504268648122412566e-01
4.503913035976224166e-01
4.503570717612485064e-01
4.503240307633866180e-01
4.502920422688740376e-01
4.502608971142257888e-01
4.502309060177231426e-01
4.471849680331590471e-01
4.471575184934663549e-01
4.471313113368589054e-01
4.471064638117476231e-01
4.470825752896471772e-01
4.470598835420555028e-01
4.470379222321006485e-01
4.470170061892813629e-01
4.469968923065353872e-01
4.466876502013642503e-01
4.439431880511480188e-01
4.439250419992348817e-01
4.439073914317501202e-01
4.438901446425899122e-01
4.438736168707816954e-01
4.438573923584465675e-01
4.438416818354896654e-01
4.438262085154879300e-01
4.438112706290043841e-01
4.437965776736107482e-01
4.437821292492157288e-01
4.437681678933368401e-01
4.437542531077560137e-01
4.437406850326290897e-01
4.407731098463072983e-01
4.407004773515534879e-01
4.406874286666079277e-01
4.406745316952204172e-01
4.406617223293338159e-01
4.406490981854553901e-01
4.406366400927994587e-01
4.406243426399631402e-01
4.406120804789034895e-01
4.406000689853412644e-01
4.405880079279797523e-01
4.405760564853574146e-01
4.405642025616980373e-01
4.405522674982003117e-01
4.405404095692792010e-01
4.405286639517950187e-01
4.405169142339236954e-01
4.405052556143553844e-01
4.404936124743328296e-01
4.386687221506786472e-01
4.374585047463698806e-01
4.374467887135010113e-01
4.374350537415284679e-01
4.374232341426724791e-01
4.374113982773233378e-01
4.373995803870054933e-01
4.373878146869704664e-01
4.373761508267849374e-01
4.373644460205190487e-01
4.373526675937133845e-01
4.373408026173646324e-01
4.373289132810626589e-01
4.373169952769413449e-01
4.373050068893268860e-01
4.372929801853008835e-01
4.372808172049188480e-01
4.372685684395886119e-01
4.372562116070903837e-01
4.356747216581203785e-01
4.342217379376750452e-01
4.342089420055017523e-01
4.341960871308997438e-01
4.341831237528314125e-01
4.341699735764686374e-01
4.341566937250300184e-01
4.341431658596449639e-01
4.341295675603721316e-01
4.341157858154711113e-01
4.341017062022508588e-01
4.340872629597427590e-01
4.340724829558249565e-01
4.340572739180790784e-01
4.340430616331165115e-01
4.340317424591456086e-01
4.340221043616166452e-01
4.321595043825208204e-01
4.309949296860214329e-01
4.309842775796926539e-01
4.309734092469585387e-01
4.309618540240696682e-01
4.309493727940220120e-01
4.309358834844505548e-01
4.309214563038692436e-01
4.309064239818277131e-01
4.308911985875062967e-01
4.308759337937875800e-01
4.308604691015579524e-01
4.308448431949980506e-01
4.308289827428640195e-01
4.308128838030148566e-01
4.307967100004608807e-01
4.290207529222346272e-01
4.277588144560887096e-01
4.277418627259833572e-01
4.277248315895362807e-01
4.277075608713691302e-01
4.276901386775844860e-01
4.276723379765811628e-01
4.276535871009561340e-01
4.276340661752139338e-01
4.276142187624592528e-01
4.275942533504574761e-01
4.275740210189581947e-01
4.262920818820556956e-01
4.245304697509991176e-01
4.245092741174928408e-01
4.244879195223054125e-01
4.244661500085169514e-01
4.244441217182340909e-01
4.244216409742418983e-01
4.243990081197613340e-01
4.243761004783412338e-01
4.243522712183198653e-01
4.230063629611027221e-01
4.213020555003368361e-01
4.212742827446144811e-01
4.212446011627249409e-01
4.212122419109045612e-01
4.211797874025538513e-01
4.211506650566494980e-01
4.211261287027304734e-01
4.194990472454598884e-01
4.180813207843022128e-01
4.180739874894275343e-01
4.180706319895033385e-01
4.180648695455147501e-01
4.180574947839221789e-01
4.180473103413025471e-01
4.180316052814245231e-01
4.180114553148127632e-01
4.179901352488628596e-01
4.179662460987664807e-01
4.179385867336781191e-01
4.160098351625861057e-01
4.148841324919407825e-01
4.148524690413867289e-01
4.148209851905189649e-01
4.147890227535310781e-01
4.147557158538903721e-01
4.147218867882878635e-01
4.130359589574821300e-01
4.116604962251217414e-01
4.116242681045522711e-01
4.115877711393985949e-01
4.115502103491233687e-01
4.115121467278976541e-01
4.093390928437590226e-01
4.084455865578293654e-01
4.084050827897333091e-01
4.083636542521261181e-01
4.083214881272028141e-01
4.061508522670305155e-01
4.052494320032460351e-01
4.052039935834635953e-01
4.051573529555856923e-01
4.031997311486692492e-01
4.020803883462973349e-01
4.020304138796984006e-01
4.019794113662471524e-01
4.004671835226494281e-01
3.988963416741738710e-01
3.988412211903543669e-01
3.987842049389922483e-01
3.970988955164485579e-01
3.956916334002401059e-01
3.956294224496961220e-01
3.938611347578064859e-01
3.925308322436649178e-01
3.924631691021790991e-01
3.914136353993455386e-01
3.893549011639902413e-01
3.892804352164668247e-01
3.875495596428374934e-01
3.861626496448650747e-01
3.850235320592825805e-01
3.830364214603170225e-01
3.829488989226375595e-01
3.813166309358025918e-01
3.798103145397258018e-01
3.780049890194271955e-01
3.766646220165453252e-01
3.749855064012870831e-01
3.723163716923243993e-01
3.704533687000786113e-01
3.684826240342927162e-01
3.658361518505260923e-01
3.631937321788175632e-01
3.605508967348169391e-01
3.580438831826180390e-01
3.556031526097221951e-01
3.534474637223096738e-01
3.485764393488433588e-01
3.459418610490867518e-01
3.411677118859258728e-01
3.361044160172143580e-01
3.333478506645385364e-01
3.269313039847533409e-01
3.210919076193397004e-01
3.141333782325714252e-01
3.073577907609438831e-01
3.005192047318364090e-01
2.912734618121633479e-01
2.819453458846408744e-01
2.682626823697442653e-01
2.560981766935402915e-01
2.502820971358522550e-01
2.428663205609501996e-01
2.404155637964424941e-01
2.463904873883074331e-01
2.496194579320501206e-01
2.504324376076663139e-01
2.588925006346032287e-01
2.664510679978479013e-01
2.705800460631476168e-01
2.803902869991208302e-01
2.994922958000075242e-01
3.170760942794302317e-01
3.318863619937850173e-01
3.522549718508195538e-01
3.726295313881177185e-01
3.888528970271511453e-01
4.070593669872952791e-01
4.267470152701816066e-01
4.412390443562898557e-01
4.556065644796062353e-01
4.683791905372033937e-01
4.799640417540076420e-01
4.912495122874196429e-01
5.010317562065318420e-01
5.084464198953098091e-01
5.143320792075350978e-01
5.237115930292783883e-01
5.306358698679320973e-01
5.356519572019825537e-01
5.406680445360330101e-01
5.456841318700832444e-01
5.507002192041337008e-01
5.537660506197181753e-01
5.560352986319856416e-01
5.583045466442534410e-01
5.605737946565210184e-01
5.628430426687887067e-01
5.635083829184193149e-01
5.636672259798487516e-01
5.638260690412781884e-01
5.639849121027076251e-01
5.641437551641369508e-01
5.628586094698975195e-01
5.610393857427392605e-01
5.592201620155811126e-01
5.574009382884228536e-01
5.555817145612647057e-01
5.533777094727203583e-01
5.509276966285359123e-01
5.484776837843510222e-01
5.460276709401663542e-01
5.435776580959817972e-01
5.411179737534664858e-01
5.386443718889629695e-01
5.361707700244597863e-01
5.336971681599561590e-01
5.312235662954528648e-01
5.287890347093978649e-01
5.266159734483426558e-01
5.244429121872873356e-01
5.222698509262321265e-01
5.200967896651768063e-01
5.179595739515868713e-01
5.158541457989567203e-01
5.137487176463264582e-01
5.116432894936961961e-01
5.095378613410659341e-01
5.077184920140375146e-01
5.059418671092256181e-01
5.041652422044136106e-01
5.023886172996016031e-01
5.006119923947895956e-01
4.989800602864545853e-01
4.976053598163007741e-01
4.962306593461468518e-01
4.948559588759930405e-01
4.934812584058391183e-01
4.921204852759575310e-01
4.907711072426622079e-01
4.894217292093669958e-01
4.880723511760717281e-01
4.867229731427765715e-01
4.853962199562557034e-01
4.840796315559671159e-01
4.827630431556785284e-01
4.814464547553898854e-01
4.801298663551011869e-01
4.792874964160791507e-01
4.786031992974793536e-01
4.779189021788795566e-01
4.772346050602797596e-01
4.765503079416799626e-01
4.754339558687468714e-01
4.741735854777026082e-01
4.729132150866582895e-01
4.716528446956140264e-01
4.703924743045695966e-01
4.695409501682952236e-01
4.688907980679521970e-01
4.682406459676091703e-01
4.675904938672661992e-01
4.669403417669231726e-01
4.662990104801213453e-01
4.656655014241957158e-01
4.650319923682700307e-01
4.643984833123444012e-01
4.637649742564187716e-01
4.630996282665310604e-01
4.623634194236312944e-01
4.616272105807315285e-01
4.608910017378317625e-01
4.601547928949319965e-01
4.595339398753834903e-01
4.589244956735291092e-01
4.583150514716747281e-01
4.577056072698204026e-01
4.570961630679659105e-01
4.564935933591642847e-01
4.558964250377611216e-01
4.552992567163580140e-01
4.547020883949548509e-01
4.541049200735517433e-01
4.534945959433266949e-01
4.527962290925245381e-01
4.520978622417223813e-01
4.513994953909202246e-01
4.507011285401179568e-01
4.503745217790988686e-01
4.503400122314807907e-01
4.503055026838626573e-01
4.502709931362445794e-01
4.502364835886264460e-01
4.497096725619711410e-01
4.491400527110517293e-01
4.485704328601323732e-01
4.480008130092129615e-01
4.474311931582936053e-01
4.468326963932134355e-01
4.461668201617582930e-01
4.455009439303031504e-01
4.448350676988480079e-01
4.441691914673928654e-01
4.438536685706395146e-01
4.438247984022785642e-01
4.437959282339176692e-01
4.437670580655567742e-01
4.437381878971958238e-01
4.432515415694319172e-01
4.426040549694452708e-01
4.419565683694586800e-01
4.413090817694719781e-01
4.406615951694853872e-01
4.400229641602689257e-01
4.393855407316120121e-01
4.387481173029550430e-01
4.381106938742981294e-01
4.374732704456412158e-01
4.374251705697992931e-01
4.374016258419912151e-01
4.373780811141831371e-01
4.373545363863751145e-01
4.373309916585670365e-01
4.367169490404015364e-01
4.360969417970808615e-01
4.354769345537602421e-01
4.348569273104395672e-01
4.342369200671189478e-01
4.341943291739256416e-01
4.341757972953211309e-01
4.341572654167166201e-01
4.341387335381121093e-01
4.341202016595075430e-01
4.341034538361379647e-01
4.340869725957344771e-01
4.340704913553309896e-01
4.340540101149275021e-01
4.340375288745240145e-01
4.336076039966308970e-01
4.330168954819362814e-01
4.324261869672416103e-01
4.318354784525469947e-01
4.312447699378523791e-01
4.309510178414227011e-01
4.309425768135221602e-01
4.309341357856215637e-01
4.309256947577210228e-01
4.309172537298204264e-01
4.309101362716857286e-01
4.309072101178096914e-01
4.309042839639335987e-01
4.309013578100575614e-01
4.308984316561814687e-01
4.308967818439494724e-01
4.308951580795060687e-01
4.308935343150626651e-01
4.308919105506193170e-01
4.308902867861759134e-01
4.308874827822840592e-01
4.308839241990726765e-01
4.308803656158612938e-01
4.308768070326499111e-01
4.308732484494385284e-01
4.308691130808861569e-01
4.308619495892936913e-01
4.308547860977012256e-01
4.308476226061087599e-01
4.308404591145162388e-01
4.308305291327390041e-01
4.308197727967507107e-01
4.308090164607623618e-01
4.307982601247740684e-01
4.307875037887857750e-01
4.306354631241104958e-01
4.299519242705652777e-01
4.292683854170201152e-01
4.285848465634748972e-01
4.279013077099297346e-01
4.276977812732770667e-01
4.276809263320827115e-01
4.276640713908883562e-01
4.276472164496940009e-01
4.276303615084996457e-01
4.276143493143649832e-01
4.276143493143649832e-01
4.276143493143649832e-01
4.276143493143649832e-01
4.276143493143649832e-01
