1.442296000000000022e+00
1.427554646706586938e+00
1.415831189292543035e+00
1.406325178861788538e+00
1.398472738281250072e+00
1.391845017175572519e+00
1.386162384146341520e+00
1.381247753424657443e+00
1.376943730769230934e+00
1.373142259740259608e+00
1.369773157575757683e+00
1.366747492187500024e+00
1.364013988461538540e+00
1.361506098712446322e+00
1.359261744101633473e+00
1.357210384615384680e+00
1.355325708661417217e+00
1.353589091954022994e+00
1.351983542056074850e+00
1.350492034990791845e+00
1.349103548042704714e+00
1.347804846153846325e+00
1.346591975609755965e+00
1.345451518886679798e+00
1.344379994174757176e+00
1.343367032258064420e+00
1.342410843575418955e+00
1.341505319266055096e+00
1.340644670863309296e+00
1.339827269841269874e+00
1.339047499999999946e+00
1.338304873150105712e+00
1.337593915463917593e+00
1.336913844444444388e+00
1.336260253968253986e+00
1.335633497076023302e+00
1.335031482758620713e+00
1.334450333333333294e+00
1.333890626617375119e+00
1.333351417582417486e+00
1.332830581981981899e+00
1.332325968085106283e+00
1.331834307155322916e+00
1.331360536082474288e+00
1.330906315878378487e+00
1.330475004958677543e+00
1.330062965065502256e+00
1.329672073717948821e+00
1.329296063559322061e+00
1.328938702928870175e+00
1.328592666666666755e+00
1.328262939393939357e+00
1.327945709163346644e+00
1.327637588235294208e+00
1.327342203488372174e+00
1.327057526923077102e+00
1.326780508538899506e+00
1.326509720670391079e+00
1.326250121996303211e+00
1.325995189090908966e+00
1.325748243243243252e+00
1.325504938053097437e+00
1.325269968476357363e+00
1.325038773913043366e+00
1.324811350515463948e+00
1.324591521222410861e+00
1.324372353923205292e+00
1.324158579207920905e+00
1.323948518032787014e+00
1.323739422077921946e+00
1.323534998394863660e+00
1.323332891167192438e+00
1.323132098360655595e+00
1.322934149068323073e+00
1.322738746177370084e+00
1.322545809523809623e+00
1.322353368421052666e+00
1.322164811111111060e+00
1.321975419354838532e+00
1.321787698689956381e+00
1.321601451612903322e+00
1.321413879310344708e+00
1.321227473684210452e+00
1.321042778947368435e+00
1.320857968749999944e+00
1.320674540816326514e+00
1.320491306122449027e+00
1.320305826530612237e+00
1.320121980000000139e+00
1.319938663366336806e+00
1.319755000000000011e+00
1.319569960784313656e+00
1.319384615384615378e+00
1.319199499999999858e+00
1.319015150943396275e+00
1.318832350000000098e+00
1.318648850467289524e+00
1.318464148148148052e+00
1.318278036697247746e+00
1.318091493975903639e+00
1.317904441441441366e+00
1.317716238095238079e+00
1.317527371681415982e+00
1.317336317647058719e+00
1.317143852173913166e+00
1.316949639534883643e+00
1.316754128205128271e+00
1.316557500000000047e+00
1.316357525423728747e+00
1.316156577777777725e+00
1.315953866666666583e+00
1.315748165289256200e+00
1.315540380434782719e+00
1.315328641304347901e+00
1.315115731182795678e+00
1.314899870967741968e+00
1.314679284210526156e+00
1.314452915789473764e+00
1.314221187500000054e+00
1.313982645833333240e+00
1.313759659793814372e+00
1.313582010204081607e+00
1.313430704081632650e+00
1.313278727272727320e+00
1.313117700000000054e+00
1.312951460000000070e+00
1.312781801980198004e+00
1.312601372549019541e+00
1.312406427184465985e+00
1.312195669902912698e+00
1.311970182692307585e+00
1.311735153846153912e+00
1.311497018867924469e+00
1.311258179245283095e+00
1.311016126760563338e+00
1.310771444444444489e+00
1.310523000000000104e+00
1.310270722222222295e+00
1.310017178082191869e+00
1.309760522522522397e+00
1.309499636363636421e+00
1.309235321428571464e+00
1.308969666666666809e+00
1.308700141592920474e+00
1.308428157894736765e+00
1.308150122807017590e+00
1.307857121739130379e+00
1.307551961038960986e+00
1.307241517241379158e+00
1.306929102564102552e+00
1.306612322033898321e+00
1.306292075630252070e+00
1.305967582278481087e+00
1.305637399999999948e+00
1.305304599999999926e+00
1.304965114754098376e+00
1.304621444444444389e+00
1.304270500000000110e+00
1.303916959349593396e+00
1.303558963855421693e+00
1.303186298387096764e+00
1.302801202380952317e+00
1.302397059523809464e+00
1.301964748031495978e+00
1.301502458823529329e+00
1.300997984374999916e+00
1.300491709302325605e+00
1.300037000000000109e+00
1.299653620689655176e+00
1.299252709923664151e+00
1.298906261363636405e+00
1.298792159090909060e+00
1.298739947368421133e+00
1.298650325842696684e+00
1.298535640449438144e+00
1.298377244444444578e+00
1.298132901098901115e+00
1.297819205882353000e+00
1.297487163043478109e+00
1.297114858695652018e+00
1.296683500000000100e+00
1.296224301075268759e+00
1.295739548387096818e+00
1.295247778571428476e+00
1.294758515789473652e+00
1.294261340425531870e+00
1.293742810526315790e+00
1.293215687500000044e+00
1.292674499999999949e+00
1.292117968749999957e+00
1.291555639175257619e+00
1.290988591836734534e+00
1.290404443298968973e+00
1.289811878787878729e+00
1.289204714285714370e+00
1.288585727272727466e+00
1.287957369999999990e+00
1.287313960000000090e+00
1.286658356435643524e+00
1.285986396039603852e+00
1.285295811881188133e+00
1.284591509803921561e+00
1.283867666666666629e+00
1.283127524271844733e+00
1.282374653846154011e+00
1.281601165048543711e+00
1.280810666666666542e+00
1.279999269230769121e+00
1.279168150943396087e+00
1.278315761904761816e+00
1.277432682242990669e+00
1.276527792452830212e+00
1.275587616822430048e+00
1.274625635514018640e+00
1.273641018518518520e+00
1.272628146788990833e+00
1.271583100917431208e+00
1.270499064220183438e+00
1.269376163636363630e+00
1.268226418181818138e+00
1.267040207207207336e+00
1.265810891891891776e+00
1.264529714285714146e+00
1.263200499999999948e+00
1.261851044247787490e+00
1.260454292035398272e+00
1.258985265486725735e+00
1.257467052631578763e+00
1.255942173913043414e+00
1.254339964912280836e+00
1.252646551724137858e+00
1.250877379310344706e+00
1.248963275862069011e+00
1.246930974358974265e+00
1.244763282051281950e+00
1.242459076271186458e+00
1.240040135593220239e+00
1.237437355932203387e+00
1.234626525423728749e+00
1.231562999999999963e+00
1.228175500000000087e+00
1.224362533333333225e+00
1.220212770491803322e+00
1.216214450000000058e+00
1.211602155737704800e+00
1.206285032786885258e+00
1.200411225806451654e+00
1.194065806451612977e+00
1.188249442622950625e+00
1.181731153225806574e+00
1.173661354838709814e+00
1.162772580645161646e+00
1.151650793650793814e+00
1.145971428571429085e+00
1.138891968253968434e+00
1.132716374999999998e+00
1.132456206349206296e+00
1.131597804687500153e+00
1.128466718749999487e+00
1.128296461538461415e+00
1.128982651162790729e+00
1.127038984615384765e+00
1.125384415384615311e+00
1.130748046153846387e+00
1.138245541984733045e+00
1.144300545454545404e+00
1.153506787878788353e+00
1.167486454545454189e+00
1.179486746268656683e+00
1.192240363636364320e+00
1.209617820895522167e+00
1.225776029850746074e+00
1.241470611940298507e+00
1.259331835820895806e+00
1.275909397058822670e+00
1.292547294117646128e+00
1.308159890510949497e+00
1.321604416058394404e+00
1.334056304347825073e+00
1.347321869565217378e+00
1.359938811088295507e+00
1.372045381930184771e+00
1.384151952772074257e+00
1.396258523613963298e+00
1.408365094455852784e+00
1.417633024242424433e+00
1.425741509090908687e+00
1.433849993939393830e+00
1.441958478787878528e+00
1.450066963636363448e+00
1.454240117296222490e+00
1.457170534791252470e+00
1.460100952286282228e+00
1.463031369781311986e+00
1.465961787276341743e+00
1.466007173828125065e+00
1.464985494140625066e+00
1.463963814453125067e+00
1.462942134765625068e+00
1.461920455078125070e+00
1.460101051923076820e+00
1.457771628846153966e+00
1.455442205769230668e+00
1.453112782692307592e+00
1.450783359615384516e+00
1.448102590909090770e+00
1.444916227272726950e+00
1.441729863636363573e+00
1.438543499999999753e+00
1.435357136363636155e+00
1.432146363043478310e+00
1.428772232608695791e+00
1.425398102173913051e+00
1.422023971739130532e+00
1.418649841304347792e+00
1.415677697424892800e+00
1.413062032188841410e+00
1.410446366952789798e+00
1.407830701716738409e+00
1.405215036480686797e+00
1.403041052631579078e+00
1.400933067150635258e+00
1.398825081669691439e+00
1.396717096188747620e+00
1.394609110707803801e+00
1.392582885654885638e+00
1.390702012474012372e+00
1.388821139293139106e+00
1.386940266112266062e+00
1.385059392931392797e+00
1.383293956790123236e+00
1.381622969135802403e+00
1.379951981481481349e+00
1.378280993827160517e+00
1.376610006172839684e+00
1.375082281376518223e+00
1.373618921052631725e+00
1.372155560728745005e+00
1.370692200404858285e+00
1.369228840080971565e+00
1.367915449999999922e+00
1.366652049999999896e+00
1.365388649999999870e+00
1.364125250000000067e+00
1.362861850000000041e+00
1.361717899606299298e+00
1.360613765748031723e+00
1.359509631889763925e+00
1.358405498031496128e+00
1.357301364173228331e+00
1.356279252918287881e+00
1.355297540856031047e+00
1.354315828793774212e+00
1.353334116731517378e+00
1.352352404669260544e+00
1.351434306513409789e+00
1.350572620689655112e+00
1.349710934865900436e+00
1.348849249042145537e+00
1.347987563218390861e+00
1.347150988636363733e+00
1.346370306818181817e+00
1.345589624999999900e+00
1.344808943181818206e+00
1.344028261363636290e+00
1.343314366355140121e+00
1.342607076635514041e+00
1.341899786915887738e+00
1.341192497196261657e+00
1.340485207476635576e+00
1.339811392265193302e+00
1.339163878453038636e+00
1.338516364640883971e+00
1.337868850828729306e+00
1.337221337016574418e+00
1.336580369803063384e+00
1.335983214442012956e+00
1.335386059080962751e+00
1.334788903719912323e+00
1.334191748358862117e+00
1.333624137931034515e+00
1.333079741379310290e+00
1.332535344827586066e+00
1.331990948275862063e+00
1.331446551724137839e+00
1.330928430604982005e+00
1.330412594306049634e+00
1.329896758007117263e+00
1.329380921708184893e+00
1.328865085409252522e+00
1.328357410526315618e+00
1.327868778947368211e+00
1.327380147368421026e+00
1.326891515789473619e+00
1.326402884210526212e+00
1.325933041580041438e+00
1.325478571725571708e+00
1.325024101871101978e+00
1.324569632016632026e+00
1.324115162162162296e+00
1.323678617283950754e+00
1.323248370370370353e+00
1.322818123456790174e+00
1.322387876543209995e+00
1.321957629629629594e+00
1.321555788617886140e+00
1.321157821138211341e+00
1.320759853658536542e+00
1.320361886178861743e+00
1.319963918699186944e+00
1.319593553319919454e+00
1.319224338028168964e+00
1.318855122736418473e+00
1.318485907444667982e+00
1.318116692152917491e+00
1.317775455268389795e+00
1.317434500994035806e+00
1.317093546719682040e+00
1.316752592445328052e+00
1.316411638170974063e+00
1.316119241650294702e+00
1.315828868369351756e+00
1.315538495088408588e+00
1.315248121807465642e+00
1.314957748526522696e+00
1.314694813592233169e+00
1.314435978640776881e+00
1.314177143689320371e+00
1.313918308737864082e+00
1.313659473786407794e+00
1.313434431861804308e+00
1.313222531669865800e+00
1.313010631477927070e+00
1.312798731285988563e+00
1.312586831094050055e+00
1.312415451612903183e+00
1.312283003795066350e+00
1.312150555977229516e+00
1.312018108159392904e+00
1.311885660341556070e+00
1.311773901408450627e+00
1.311727657276995362e+00
1.311681413145539876e+00
1.311635169014084390e+00
1.311588924882629126e+00
1.311562998137802527e+00
1.311537486033519606e+00
1.311511973929236463e+00
1.311486461824953320e+00
1.311460949720670399e+00
1.311417086238532148e+00
1.311361489908256850e+00
1.311305893577981552e+00
1.311250297247706476e+00
1.311194700917431177e+00
1.311130104783599037e+00
1.311018259681093312e+00
1.310906414578587587e+00
1.310794569476081861e+00
1.310682724373576358e+00
1.310527374100719289e+00
1.310359028776978407e+00
1.310190683453237304e+00
1.310022338129496422e+00
1.309853992805755318e+00
1.309674182628062233e+00
1.309451242761692669e+00
1.309228302895322882e+00
1.309005363028953317e+00
1.308782423162583530e+00
1.308530539682539739e+00
1.308267400352733700e+00
1.308004261022927883e+00
1.307741121693121844e+00
1.307477982363315805e+00
1.307228000000000057e+00
1.307228000000000057e+00
1.307228000000000057e+00
1.307228000000000057e+00
1.307228000000000057e+00
