6.710999999999989088e-08
1.959047218638862758e-08
1.157179503531375995e-08
1.070817421092395060e-08
9.892573423719325628e-09
8.640244285408967501e-09
7.424745086303782594e-09
6.270413999320832289e-09
5.412021008914155711e-09
4.411685213653934343e-09
3.813988705409452645e-09
3.318766909825258710e-09
3.083528260269117530e-09
2.881825870903154847e-09
2.656074269841683118e-09
2.415803858728504803e-09
2.212047193927368060e-09
2.030858283932805350e-09
1.833698941938417342e-09
1.669091279098539382e-09
1.483452794407549694e-09
1.338130109668054368e-09
1.162441616387985522e-09
1.010097116132169474e-09
8.640739528560502516e-10
7.794123316837612282e-10
7.476720157568890222e-10
7.028250553236928727e-10
7.154576932701269022e-10
7.807331992934648566e-10
1.088622197325648554e-09
1.451430133301439313e-09
1.644264076646809607e-09
1.905022510607740678e-09
2.285516187596316918e-09
2.674080719960373742e-09
3.135131868182251956e-09
3.808272068111596748e-09
5.261871320409165133e-09
7.545339884462226027e-09
1.120823103752665920e-08
1.326787914928342381e-08
1.469399506650868207e-08
1.548779959252262981e-08
1.602156650825449018e-08
1.786717093759540880e-08
2.025905983591733909e-08
2.185812570951446462e-08
2.452316635990234443e-08
2.962034495278728084e-08
4.152060234060377070e-08
6.115079838980984097e-08
9.375128625980806875e-08
1.358512099638742672e-07
1.531783124895527144e-07
1.580123147083889267e-07
1.570833403820931681e-07
1.471205083789035656e-07
1.342003487486171841e-07
1.257246018216586768e-07
1.268604133395890098e-07
1.456827149666959550e-07
1.850717163642385470e-07
2.220887305428841129e-07
2.678643281320098674e-07
3.150749191273389410e-07
3.547385068212287162e-07
3.907214157047966255e-07
4.230768724756852687e-07
4.608597892255318274e-07
5.115282700992811020e-07
6.901673087560375420e-07
1.078942102145174036e-06
1.742151071780923389e-06
2.608232404475359220e-06
3.190372352120705221e-06
3.447192496992889580e-06
3.479960663084412614e-06
3.324211171248544294e-06
3.141801179070891441e-06
2.827448965891214908e-06
2.516873047791515602e-06
2.193149107116739521e-06
1.843349242815161958e-06
1.540071476131243262e-06
1.350321740746639740e-06
1.275437920649640829e-06
1.300488060472846796e-06
1.430043994301911760e-06
1.622244023908570561e-06
1.895801609812861450e-06
2.356084912714412247e-06
3.238097419492974048e-06
4.800681745791840070e-06
7.290388134166373421e-06
1.000961672093015180e-05
1.097990974231517300e-05
1.140142139282746850e-05
1.169289731406084290e-05
1.189559166525764945e-05
1.195071558158773781e-05
1.184499646127443091e-05
1.168958490789430104e-05
1.148355483963411832e-05
1.117825166341761930e-05
1.088600085330510811e-05
1.085041800419013264e-05
1.114724068605679713e-05
1.177607201704374187e-05
1.293953075053743680e-05
1.523080441842772080e-05
1.764931387850065438e-05
2.041855886771770502e-05
2.526216475140836376e-05
3.480743260458105099e-05
4.262791626477068424e-05
4.959835150474762645e-05
6.595632428933371171e-05
9.038355580655290050e-05
1.283809177693610653e-04
2.029745103845825502e-04
2.904226804224705697e-04
3.398726615267445850e-04
3.593988355708352097e-04
3.634212563711047405e-04
3.616628699546947700e-04
3.468896874332973710e-04
3.161163784076834096e-04
2.806954238814051501e-04
2.426827089607325194e-04
2.094906351330945026e-04
1.852345298282510107e-04
1.680679410620698115e-04
1.541102764167503016e-04
1.397301122506455111e-04
1.284691874283183145e-04
1.188775890214749262e-04
1.110048713906067083e-04
1.030070436325032483e-04
9.588112286195010488e-05
9.076208595493863798e-05
8.606145722955990641e-05
8.217949182399419679e-05
7.998092794201266161e-05
7.720545350883541505e-05
7.474799180724960403e-05
7.400798113962586808e-05
7.450353866964747659e-05
7.551860790744015705e-05
7.684453152270006497e-05
7.918530144395053870e-05
8.199547404591527771e-05
8.599181199450871087e-05
9.159975344275428746e-05
9.703363658484805805e-05
1.021542384991598184e-04
1.076282129598529926e-04
1.178114162966577776e-04
1.278424474196777775e-04
1.345607231077330739e-04
1.365100345736803503e-04
1.374942420862621374e-04
1.404013883616905573e-04
1.489398376812536319e-04
1.697724120624433033e-04
2.371839868691324430e-04
3.776133637426293374e-04
6.135785204152246260e-04
8.478028676912845304e-04
1.043072991188083573e-03
1.367079663518016349e-03
1.763000563141724469e-03
1.871681771769612883e-03
1.917699691766119787e-03
1.880752629140986345e-03
1.771286795680176648e-03
1.599985145957548947e-03
1.469951714603699071e-03
1.341961780772231395e-03
1.177766089517283355e-03
1.038154555693022313e-03
9.245848496149093468e-04
8.284259362648649372e-04
7.699567127692927239e-04
7.159367222430252850e-04
6.519533955693474978e-04
5.978058777624869081e-04
5.500695400024049149e-04
5.063490676600523790e-04
4.739323311980485755e-04
4.490681888608359911e-04
4.253612996117731851e-04
4.034696670849089004e-04
3.869288009733698030e-04
3.739231022966117918e-04
3.619117673991120547e-04
3.527636842129791041e-04
3.453133968830599779e-04
3.405431607545049855e-04
3.383464514920527313e-04
3.384485023360754965e-04
3.402921618583333368e-04
3.441851452298437205e-04
3.529939320710001474e-04
3.672117575424055868e-04
3.829205283786999781e-04
3.994526122180055766e-04
4.183989201446266181e-04
4.386463859908145617e-04
4.575507293245032240e-04
4.762859847870079197e-04
5.024512840558361488e-04
5.336663355480190810e-04
5.788175161043847316e-04
6.204847786742956469e-04
6.601817494466543940e-04
7.083701908326275280e-04
7.586688643129269960e-04
8.194574839092736524e-04
8.880570981067690585e-04
9.538416522681740202e-04
1.026668137527658644e-03
1.098680889631561009e-03
1.198946833253384256e-03
1.311709565071845964e-03
1.411402102183477577e-03
1.515054725730462758e-03
1.653816494493653933e-03
1.775543532745411240e-03
1.858008631074483871e-03
1.921607916648237439e-03
1.972728979310508102e-03
2.007102073000327763e-03
2.042453575116204290e-03
2.093743642416206075e-03
2.166110191541173284e-03
2.272341579647772260e-03
2.331773636401265545e-03
2.404343889948071158e-03
2.482687493775118798e-03
2.565055632502142354e-03
2.827533573004235769e-03
3.388047339764515935e-03
4.285426086528132915e-03
4.690179618641977972e-03
5.423153999509270490e-03
6.986717690838065500e-03
9.130958619973648591e-03
1.258127853052592830e-02
1.409887410062683928e-02
1.673673436168574349e-02
2.005949636065075883e-02
3.142570157271065701e-02
4.171754840263802722e-02
5.066964582891984870e-02
6.596247914160406622e-02
8.067196415849943458e-02
8.931512472833953720e-02
1.004000330344479996e-01
1.153122061811688998e-01
1.256295863981203298e-01
1.362988985650344376e-01
1.542913518936414874e-01
1.739898712678864812e-01
1.873649848693219599e-01
2.011621371684260695e-01
2.194539325451879408e-01
2.321947760504535496e-01
2.407054259207433433e-01
2.550151548040566762e-01
2.652218691347416057e-01
2.702835191128412640e-01
2.763761820125634761e-01
2.801577583119406745e-01
2.814650407006843436e-01
2.819863956775963132e-01
2.784423720324862850e-01
2.765706487715389184e-01
2.723574723545492682e-01
2.721399999999999930e-01
2.680375912722745557e-01
2.611271174689819841e-01
2.544168111989720260e-01
2.479002412556220725e-01
2.415712032727915237e-01
2.321578107230717891e-01
2.218726973778176736e-01
2.120745379017237031e-01
2.027388047351737499e-01
1.938422794533654070e-01
1.817630521396217114e-01
1.694209727147861222e-01
1.579525402626459629e-01
1.472934087868253694e-01
1.373841547966487275e-01
1.277149608597256125e-01
1.185978877270770504e-01
1.101573805362167230e-01
1.023413342057544750e-01
9.510180176313558220e-02
8.800827874440976528e-02
8.123604151585052391e-02
7.500357683838797251e-02
6.926638534065261699e-02
6.398375730095508251e-02
5.870291106096267586e-02
5.332892747811843193e-02
4.846113416244684363e-02
4.405051946779947603e-02
4.005294551483694343e-02
3.651936000797436493e-02
3.386493849201392681e-02
3.141059316979277066e-02
2.914070841352576352e-02
2.704092887982796276e-02
2.524975729714386274e-02
2.370821259874909825e-02
2.226494365268438455e-02
2.091342145653228221e-02
1.964756818920541243e-02
1.832003036012933364e-02
1.706606576514662840e-02
1.590122849169519834e-02
1.481895072613062178e-02
1.381316570872771071e-02
1.287226659661228588e-02
1.198797989826847973e-02
1.116673117984890232e-02
1.040386432164881053e-02
9.695079039212616337e-03
9.051822291013951818e-03
8.464680675190511608e-03
7.917131934024395148e-03
7.406405044954084312e-03
6.929929963600833277e-03
6.530275213019797430e-03
6.173798915707701812e-03
5.837699885533902296e-03
5.520761115240671937e-03
5.221841381312734495e-03
4.999948794352110717e-03
4.807366767810007831e-03
4.622703936579996425e-03
4.445614141575037793e-03
4.275767246595248323e-03
4.132835783263798073e-03
4.001505751456415141e-03
3.874689950200673957e-03
3.752221555118612998e-03
3.633940335307945038e-03
3.569825204835130623e-03
3.531491447461102776e-03
3.493670721904260697e-03
3.456354812374311507e-03
3.419535656150090013e-03
3.402400000000000303e-03
3.402400000000000303e-03
3.402400000000000303e-03
3.402400000000000303e-03
3.402400000000000303e-03
3.411291303170630416e-03
3.440081825389655276e-03
3.469039010039751299e-03
3.498163382391917924e-03
3.527455467994712515e-03
3.574889873811558198e-03
3.624640922718614777e-03
3.674953101940411741e-03
3.725831267719942764e-03
3.777280305649357867e-03
3.835673981122017778e-03
3.899899852633584036e-03
3.965033176170008021e-03
4.031084412106126884e-03
4.098064114317958966e-03
4.169164222982630133e-03
4.263008507690102186e-03
4.358720748288736485e-03
4.456333286114992631e-03
4.555878939080096855e-03
4.654594199459537174e-03
4.752953196069166844e-03
4.853138215523249317e-03
4.955178494290336279e-03
5.059103662651053511e-03
5.154687946846098733e-03
5.250929512358628280e-03
5.348724863722365344e-03
5.448095180711840478e-03
5.549061878830189275e-03
5.656976688918602912e-03
5.779402506035340691e-03
5.904170974480540783e-03
6.031321078839540009e-03
6.160892355693213876e-03
6.292849186929902645e-03
6.427241701191841773e-03
6.564171704746586331e-03
6.703680857889576274e-03
6.845811402765453191e-03
6.988271974743952113e-03
7.132512179895659707e-03
7.279377125905809286e-03
7.428908192729208153e-03
7.581147312546447810e-03
7.745638715071827274e-03
7.914623518268862692e-03
8.086886271328941680e-03
8.262482668026363206e-03
8.441469214946135599e-03
8.608758596747678390e-03
8.778321355963921921e-03
8.950819770211011772e-03
9.126297700326186160e-03
9.304799558889447625e-03
9.494935143194303123e-03
9.688594693118141032e-03
9.885747374761898881e-03
1.008644799446633752e-02
1.029075209038938545e-02
1.049860714195190864e-02
1.071017022000179258e-02
1.092550344786308650e-02
1.114466526277090377e-02
1.136771487274974499e-02
1.155849582874587771e-02
1.174655381330623471e-02
1.193724051327721414e-02
1.213058667575615639e-02
1.232662333763980857e-02
1.254542878373519910e-02
1.277555417717790229e-02
1.300937766258710923e-02
1.324695029783383091e-02
1.348832373067269420e-02
1.371201718245139596e-02
1.391794201081726808e-02
1.412649860596634603e-02
1.433771473949880040e-02
1.455161841447564011e-02
1.475825944028063760e-02
1.493541072475115458e-02
1.511429808887861624e-02
1.529493473727782347e-02
1.547733394615250120e-02
1.552019960116870177e-02
1.556021620860924617e-02
1.560024997304027689e-02
1.564030086509471396e-02
1.568036885551832987e-02
1.567564594042914969e-02
1.564239257885045170e-02
1.560927998710440363e-02
1.557630727323916497e-02
1.554347355282237331e-02
1.549642240572502404e-02
1.537476865689441953e-02
1.525432198719968088e-02
1.513506792928560711e-02
1.501699221891882388e-02
1.490847480372229326e-02
1.480345228169025092e-02
1.469938518122564965e-02
1.459626285736068986e-02
1.449407480540239324e-02
1.437973919414660927e-02
1.421790688012168624e-02
1.405822257058706067e-02
1.390065343624060680e-02
1.374516721526906730e-02
1.362577880066799009e-02
1.352080237577427471e-02
1.341684562264882329e-02
1.331389659654367251e-02
1.321194351643987554e-02
1.311599999999999398e-02
1.311599999999999398e-02
1.311599999999999398e-02
1.311599999999999398e-02
1.311599999999999398e-02
