0.0765165262294508
0.0623505517895115
0.0514334018299567
0.0427622316548348
0.035809561621073
0.0302736791592047
0.0258256233507579
0.0221567660620976
0.0191097486420797
0.0165629624592345
0.014438903108608
0.0126566177348178
0.0111391272602025
0.00984075727589378
0.00872474835756763
0.00776513487492392
0.00693643588466319
0.00621480527310341
0.00558410766924157
0.00503192352002149
0.00454684167785833
0.00411886534263392
0.00374041587896692
0.00340452807425757
0.00310559626184387
0.00283885590477175
0.0026000448525895
0.00238591404405805
0.00219347033015666
0.00201998099719019
0.00186339482173046
0.00172164535691453
0.00159307972769994
0.00147648090984778
0.00137032989599698
0.00127342740985649
0.00118500553726802
0.00110419029136479
0.00103013211124499
0.000962165028168583
0.000899698356608391
0.000842207127433028
0.000789223866943876
0.000740388100893534
0.000695263600621229
0.000653517377456705
0.000614897782593497
0.000579039709843516
0.00054575164454291
0.000514855335167229
0.000486110547404984
0.000459340142889229
0.00043435050780545
0.000411033068518314
0.000389315118377524
0.000369010549895672
0.000349983687669785
0.000332164845611138
0.000315463243221628
0.000299795955381654
0.000285087145315201
0.000271288174317918
0.000258312625325231
0.000246083416268149
0.000234567702801214
0.000223733326124755
0.000213516176698809
0.000203858935523767
0.000194740199772248
0.000186138661484275
0.000178005914831088
0.000170298590138658
0.00016301534722924
0.000156116557027374
0.00014956666215483
0.000143366771873803
0.000137484166498765
0.0001318995791155
0.000126595093269607
0.000121544697623343
0.000116751908653633
0.000112192532463515
0.000107844785958406
0.000103712970278911
9.97767044394605e-05
9.60176165975855e-05
9.24333623536595e-05
8.90211352881231e-05
8.57645522224188e-05
8.26488226745027e-05
7.96789864028515e-05
7.68410333313055e-05
7.4122301502454e-05
7.15223603359634e-05
6.90403601863259e-05
6.66648271422044e-05
6.43853765979023e-05
6.2202193819145e-05
6.01104492063314e-05
5.81055932147042e-05
5.61876668302071e-05
5.43480152490661e-05
5.25787890537661e-05
5.08807163939009e-05
4.92503969247983e-05
4.76846181899251e-05
4.61803438567033e-05
4.47347027737823e-05
4.33449787872707e-05
4.200860125753e-05
4.07231362230424e-05
3.94862781637151e-05
3.82958423177978e-05
3.7149757511882e-05
3.60460594661561e-05
3.49828845397446e-05
3.39558412555147e-05
3.29660245402471e-05
3.20118309237184e-05
3.10917368236731e-05
3.02066287138247e-05
2.9350394451925e-05
2.85219214069508e-05
2.7724435331566e-05
2.69561026056647e-05
2.6212403296538e-05
2.54932399674119e-05
2.48010794285797e-05
2.41350225778191e-05
2.34895482224742e-05
2.28649979803038e-05
2.22609836022562e-05
2.16772105452014e-05
2.11096017352161e-05
2.05603981873763e-05
2.00291424924037e-05
1.95147799909761e-05
1.90164950500108e-05
1.85339202112112e-05
1.80660355301022e-05
1.76126250401486e-05
1.71731093858536e-05
1.67465447941487e-05
1.63330479237866e-05
1.59321430296019e-05
1.55433417835656e-05
1.51662099225856e-05
1.48003623032101e-05
1.44448364120918e-05
1.40992873099269e-05
1.37640969529342e-05
1.343889660983e-05
1.31231625479529e-05
1.28165674246552e-05
1.25187969919886e-05
1.22295495030007e-05
1.19481474604844e-05
1.1674338766967e-05
1.14082511506539e-05
1.11496261011629e-05
1.08980026995248e-05
1.06531561389352e-05
1.04150731333018e-05
1.01827372255871e-05
9.95676446994118e-06
9.73770861152721e-06
9.52234540671736e-06
9.31390468543253e-06
9.11141695931477e-06
8.9137517590006e-06
8.7207750847858e-06
8.533359444818e-06
8.35094890900493e-06
8.17358754166788e-06
8.0014398447471e-06
7.83510191865175e-06
7.6730238119578e-06
7.5150755612623e-06
7.36122333498114e-06
7.21134091083795e-06
7.06466476100085e-06
6.9211159560187e-06
6.78125201336581e-06
6.64496074970534e-06
6.51164651465802e-06
6.38104241132999e-06
6.25350788372922e-06
6.12877389827796e-06
6.0069570823947e-06
5.88760352371911e-06
5.77114495854988e-06
5.65670395246555e-06
5.54502498488595e-06
5.43594356764761e-06
5.32938842200338e-06
5.22516670381233e-06
5.12321862791144e-06
5.02368484595341e-06
4.9264979023531e-06
4.83140122992818e-06
4.73834232767996e-06
4.64745446003361e-06
4.55831628713124e-06
4.47089001181259e-06
4.38583565443685e-06
4.30205281975344e-06
4.22053343830691e-06
4.14071252803726e-06
4.06254895056535e-06
3.98600273495229e-06
3.91103503463508e-06
3.83760808813293e-06
3.76568519115204e-06
3.69523065484739e-06
3.62620978158001e-06
3.55858882232741e-06
3.49233496032707e-06
3.42741627356579e-06
3.36380171094195e-06
3.3013282554451e-06
3.2399735013307e-06
3.17984375475675e-06
3.12091090408138e-06
3.06290007389312e-06
3.0057975615433e-06
2.94994832114755e-06
2.89490945515321e-06
2.8406713003244e-06
2.78762104440012e-06
2.73572856575961e-06
2.68447193515456e-06
2.63384823392826e-06
2.58390729437486e-06
2.5346432350362e-06
2.48645846425408e-06
2.43899146719412e-06
2.39223321002473e-06
2.34546456163257e-06
2.29960199530547e-06
2.25425225282368e-06
2.20917123201386e-06
2.16473335721614e-06
2.11993372336151e-06
2.07482002550335e-06
2.03074297040242e-06
1.98767613344135e-06
1.94559384204163e-06
1.90447115187155e-06
1.85915491175672e-06
1.81494192817289e-06
1.77180340564278e-06
1.7297113774814e-06
1.68863867975691e-06
1.64104847567169e-06
1.59474334184288e-06
1.54968951133197e-06
1.50585434197316e-06
1.4632063013786e-06
1.41657467386688e-06
1.36924042884862e-06
1.32344559562086e-06
1.27916719870323e-06
1.23346138914264e-06
1.18870889588961e-06
1.14519349937629e-06
1.10350453332256e-06
1.06453466111851e-06
1.03164091554225e-06
1.00660511738267e-06
9.93474668035068e-07
9.9190899765307e-07
9.96706756957449e-07
1.01243090263341e-06
1.02713487131947e-06
1.04088614258386e-06
1.05233836476438e-06
1.06149291567301e-06
1.07062624914698e-06
1.07939553710074e-06
1.09440776310594e-06
1.11100493330257e-06
1.13576148726342e-06
1.16608822122235e-06
1.20539337712859e-06
1.25876100168524e-06
1.32765561465189e-06
1.40839501416781e-06
1.49763351478943e-06
1.57607399235015e-06
1.65448342985571e-06
1.70401389225346e-06
1.75174947785474e-06
1.78078705238426e-06
1.81056541203409e-06
1.83474629497922e-06
1.85955053463968e-06
1.86985778905767e-06
1.88076970337165e-06
1.86698016734074e-06
1.85391019217885e-06
1.81905770343421e-06
1.78518937188525e-06
1.74510308471119e-06
1.70601183069051e-06
1.66975564348831e-06
1.63454911749023e-06
1.59610834121311e-06
1.55761276618654e-06
1.52051098592354e-06
1.48455692913953e-06
1.4513051627188e-06
1.42064488584525e-06
1.39064470581637e-06
1.36128044959127e-06
1.33254324721668e-06
1.30452445102823e-06
1.27709750809833e-06
1.25068893924217e-06
1.22493444571122e-06
1.20034586122799e-06
1.17687917238135e-06
1.15408128638226e-06
1.13253321363923e-06
1.11139953439213e-06
1.09124839624528e-06
1.07153981355064e-06
1.05253217532227e-06
1.03420295443772e-06
1.01625644502222e-06
9.99056544080829e-07
9.82165070221274e-07
9.65929507125189e-07
9.50212727728768e-07
9.34811950607204e-07
9.20049073360157e-07
9.05538696706457e-07
8.91665722157712e-07
8.78281661222405e-07
8.65118992778555e-07
8.52173608063748e-07
8.39441484020684e-07
8.2691868130213e-07
8.14687233475318e-07
8.03418488972292e-07
7.92326244743188e-07
7.81407351109892e-07
7.70658722044906e-07
7.60077333729006e-07
7.49660223145175e-07
7.3940448670784e-07
7.29307278926394e-07
7.19365811102088e-07
7.09577350057378e-07
7.00040375079933e-07
6.90881886823147e-07
6.81860579547496e-07
6.72974098427595e-07
6.64220134558352e-07
6.5591152882239e-07
6.4772365347585e-07
6.39654483023616e-07
6.31702030731073e-07
6.23864347788843e-07
6.16139522497563e-07
6.08525679472173e-07
6.01264660795685e-07
5.94165776802944e-07
5.87165783734543e-07
5.80263078376152e-07
5.73456087288844e-07
5.6674326618474e-07
5.60123099317255e-07
5.53594098885562e-07
5.47154804452916e-07
5.40803782378476e-07
5.34539625262287e-07
5.2836095140307e-07
5.22402198823126e-07
5.16612920095467e-07
5.10900395904913e-07
5.05263433686521e-07
4.99700862184477e-07
4.94211531021199e-07
4.88794310276155e-07
4.83448090074186e-07
4.78171780183064e-07
4.72964309620094e-07
4.67824626267495e-07
4.62751696496376e-07
4.57744504799079e-07
4.52875144119174e-07
4.48116289309994e-07
4.43417794612586e-07
4.38778758768384e-07
4.34198296033483e-07
4.29675535875917e-07
4.25209622679543e-07
4.20799715454368e-07
4.1644498755316e-07
4.1214462639421e-07
4.07897833190071e-07
4.03703822682153e-07
3.9956182288103e-07
3.95471074812309e-07
3.91497297992296e-07
3.87615924043115e-07
3.83781533400842e-07
3.79993453222202e-07
3.76251021802936e-07
3.72553588368435e-07
3.68900512868775e-07
3.65291165778052e-07
3.61724927897927e-07
3.58201190165264e-07
3.54719353463787e-07
3.51370368244512e-07
3.48099305721586e-07
3.44866041000581e-07
3.41670053273096e-07
3.38640314959202e-07
3.35676559771582e-07
3.32745672368639e-07
3.29847213241418e-07
3.26980749746494e-07
3.2416165692976e-07
3.21514379165855e-07
3.1889506475882e-07
3.16303353536686e-07
3.13738890784575e-07
3.11201327149794e-07
3.08690318548793e-07
3.06277017088655e-07
3.03888405814887e-07
3.01524174885313e-07
2.99184019047719e-07
2.96865894049797e-07
2.94518113714182e-07
2.92142137785497e-07
2.89661748995166e-07
2.87079956590993e-07
2.84526654319446e-07
2.820014679339e-07
2.79504028889099e-07
2.77033974242349e-07
2.74590946556623e-07
2.72174593805546e-07
2.69784569280219e-07
2.67420531497839e-07
2.65082144112081e-07
2.62769075825199e-07
2.6048100030182e-07
2.5821759608438e-07
2.55901671626549e-07
2.53560258298639e-07
2.5124469900016e-07
2.48954657677655e-07
2.46689803314303e-07
2.44449809844333e-07
2.42234356069075e-07
2.400431255746e-07
2.37875806650913e-07
2.35732092212679e-07
2.3361167972144e-07
2.31514271109294e-07
2.29439572704011e-07
2.27387295155543e-07
2.25357153363918e-07
2.23348866408472e-07
2.21362157478402e-07
2.19396753804607e-07
2.17450140991123e-07
2.15504291630067e-07
2.13579316636943e-07
2.11674953153655e-07
2.09790942132799e-07
2.07927028275085e-07
2.06082959967914e-07
2.0425848922508e-07
2.02453371627569e-07
2.00667366265448e-07
